ID	[触发条件]类型	[触发条件]参数1	[触发条件]参数2	[触发条件]参数3	[触发条件]参数4	进度	已废弃	目标组ID	阶段前置成就ID	完成奖励RewardID	完成后清除Watcher
80001	113	70510009				1		1		800001	1
80002	112	8				1		1		800002	1
80003	114	1014				1		1		800003	1
80004	114	1011				1		1		800004	1
80005	114	1019				1		1		800005	1
80006	114	1018				1		1		800006	1
80007	406	4				1		2		800007	1
80008	210					10		2		800008	
80009	210					20		2	80008	800009	
80010	210					40		2	80009	800010	
80011	217					10		2		800011	
80012	217					20		2	80011	800012	
80013	217					40		2	80012	800013	
80014	204	2				1		3		800014	
80015	204	4				1		3	80014	800015	
80016	204	6				1		3	80015	800016	
80017	206	2				1		3		800017	
80018	206	4				1		3	80017	800018	
80019	206	6				1		3	80018	800019	
80020	216	10				4		3		800020	
80021	216	10				8		3	80020	800021	
80022	216	10				16		3	80021	800022	
80023	309	1;3				200		3		800023	
80024	309	1;3				400		3	80023	800024	
80025	309	1;3				800		3	80024	800025	
80026	213	4	1			1		3		800026	1
80027	218	17	4	1		1		3		800027	1
80028	213	5	1			1		3		800028	1
80029	218	21	5	1		1		3		800029	1
80030	105	1;2;3;4				1		4		800030	1
80031	106	1	1	1,2,3,4		22		4		800031	1
80032	108	1	10			1		4		800032	1
80033	104	70360041	1			10		4		800033	1
80034	111	2005,3,1	1			10		4		800034	
80035	111	2005,3,1	1			20		4	80034	800035	
80036	111	2005,3,1	1			40		4	80035	800036	
80037	107	70210001;70210002;70210003;70210004;70210005;70210006;70210011;70210012;70210013;70210014;70210021;70210022;70210023;70210024;70210031;70210032;70210033;70210034;70210041;70210042;70210043;70210044;70210051;70210052;70210053;70210054;70211001;70211002;70211011;70211012;70211021;70211022;70211031;70211032;70211101;70211102;70211103;70211104;70211111;70211112;70211121;70211122;70211123;70211131;70211132;70210063	1	1,2,3,4		100		4		800037	
80038	107	70210001;70210002;70210003;70210004;70210005;70210006;70210011;70210012;70210013;70210014;70210021;70210022;70210023;70210024;70210031;70210032;70210033;70210034;70210041;70210042;70210043;70210044;70210051;70210052;70210053;70210054;70211001;70211002;70211011;70211012;70211021;70211022;70211031;70211032;70211101;70211102;70211103;70211104;70211111;70211112;70211121;70211122;70211123;70211131;70211132;70210063	1	1,2,3,4		200		4	80037	800038	
80039	107	70210001;70210002;70210003;70210004;70210005;70210006;70210011;70210012;70210013;70210014;70210021;70210022;70210023;70210024;70210031;70210032;70210033;70210034;70210041;70210042;70210043;70210044;70210051;70210052;70210053;70210054;70211001;70211002;70211011;70211012;70211021;70211022;70211031;70211032;70211101;70211102;70211103;70211104;70211111;70211112;70211121;70211122;70211123;70211131;70211132;70210063	1	1,2,3,4		400		4	80038	800039	
80040	111	3001,3,1;3002,3,1;3003,3,1	1	1,2,3,4		5		4		800040	
80041	111	3001,3,1;3002,3,1;3003,3,1	1	1,2,3,4		10		4	80040	800041	
80042	111	3001,3,1;3002,3,1;3003,3,1	1	1,2,3,4		15		4	80041	800042	
80043	105	5;6;7;8;9				1		5		800043	1
80044	106	2	1	5,6,7,8,9		40		5		800044	1
80045	108	2	10			1		5		800045	1
80046	104	70360068	2			10		5		800046	1
80047	111	2005,3,1	2	5,6,7,8,9		20		5		800047	
80048	111	2005,3,1	2	5,6,7,8,9		40		5	80047	800048	
80049	111	2005,3,1	2	5,6,7,8,9		60		5	80048	800049	
80050	107	70210001;70210002;70210003;70210004;70210005;70210006;70210011;70210012;70210013;70210014;70210021;70210022;70210023;70210024;70210031;70210032;70210033;70210034;70210041;70210042;70210043;70210044;70210051;70210052;70210053;70210054;70211001;70211002;70211011;70211012;70211021;70211022;70211031;70211032;70211101;70211102;70211103;70211104;70211111;70211112;70211121;70211122;70211123;70211131;70211132;70210063	2	5,6,7,8,9		200		5		800050	
80051	107	70210001;70210002;70210003;70210004;70210005;70210006;70210011;70210012;70210013;70210014;70210021;70210022;70210023;70210024;70210031;70210032;70210033;70210034;70210041;70210042;70210043;70210044;70210051;70210052;70210053;70210054;70211001;70211002;70211011;70211012;70211021;70211022;70211031;70211032;70211101;70211102;70211103;70211104;70211111;70211112;70211121;70211122;70211123;70211131;70211132;70210063	2	5,6,7,8,9		400		5	80050	800051	
80052	107	70210001;70210002;70210003;70210004;70210005;70210006;70210011;70210012;70210013;70210014;70210021;70210022;70210023;70210024;70210031;70210032;70210033;70210034;70210041;70210042;70210043;70210044;70210051;70210052;70210053;70210054;70211001;70211002;70211011;70211012;70211021;70211022;70211031;70211032;70211101;70211102;70211103;70211104;70211111;70211112;70211121;70211122;70211123;70211131;70211132;70210063	2	5,6,7,8,9		800		5	80051	800052	
80053	111	3001,3,1;3002,3,1;3003,3,1	2	5,6,7,8,9		10		5		800053	
80054	111	3001,3,1;3002,3,1;3003,3,1	2	5,6,7,8,9		20		5	80053	800054	
80055	111	3001,3,1;3002,3,1;3003,3,1	2	5,6,7,8,9		40		5	80054	800055	
80056	105	10				1		16		800056	1
80057	106	1	1	10		11		16		800057	1
80058	111	2013,3,1				5		16		800058	
80059	111	2013,3,1				10		16	80058	800059	
80060	111	2013,3,1				20		16	80059	800060	
80061	120	70210001;70210002;70210003;70210004;70210005;70210006;70210011;70210012;70210013;70210014;70210021;70210022;70210023;70210024;70210031;70210032;70210033;70210034;70210041;70210042;70210043;70210044;70210051;70210052;70210053;70210054;70211001;70211002;70211011;70211012;70211021;70211022;70211031;70211032;70211101;70211102;70211103;70211104;70211111;70211112;70211121;70211122;70211123;70211131;70211132;70210063;70211141;70211142;70211143;70211144;70211145;70211146;70211147;70211148	1	10		40		16		800061	
80062	120	70210001;70210002;70210003;70210004;70210005;70210006;70210011;70210012;70210013;70210014;70210021;70210022;70210023;70210024;70210031;70210032;70210033;70210034;70210041;70210042;70210043;70210044;70210051;70210052;70210053;70210054;70211001;70211002;70211011;70211012;70211021;70211022;70211031;70211032;70211101;70211102;70211103;70211104;70211111;70211112;70211121;70211122;70211123;70211131;70211132;70210063;70211141;70211142;70211143;70211144;70211145;70211146;70211147;70211148	1	10		80		16	80061	800062	
80063	120	70210001;70210002;70210003;70210004;70210005;70210006;70210011;70210012;70210013;70210014;70210021;70210022;70210023;70210024;70210031;70210032;70210033;70210034;70210041;70210042;70210043;70210044;70210051;70210052;70210053;70210054;70211001;70211002;70211011;70211012;70211021;70211022;70211031;70211032;70211101;70211102;70211103;70211104;70211111;70211112;70211121;70211122;70211123;70211131;70211132;70210063;70211141;70211142;70211143;70211144;70211145;70211146;70211147;70211148	1	10		160		16	80062	800063	
80064	934	1	4			1		16		800064	
80065	934	1	8			1		16	80064	800065	
80066	934	1	12			1		16	80065	800066	
80067	700	7014112				1		16		800067	1
80068	700	7010232				1		16		800068	1
80069	112	4				1		22		800069	
80070	114	1				1		22		800070	
80071	114	4				1		22		800071	
80072	114	3				1		22		800072	
80073	114	1009				1		22		800073	
80074	105	11;12;13				1		24		800074	1
80075	106	3	1	11,12,13		26		24		800075	1
80076	104	70900383	3	11,12,13		6		24		800076	1
80077	108	3	10			1		24		800077	1
80078	934	2	50			1		24		800078	1
80079	111	2014,3,1	3	11,12,13		10		24		800079	
80080	111	2014,3,1	3	11,12,13		20		24	80079	800080	
80081	111	2014,3,1	3	11,12,13		40		24	80080	800081	
80082	111	2005,3,1	3	11,12,13		4		24		800082	
80083	111	2005,3,1	3	11,12,13		8		24	80082	800083	
80084	111	2005,3,1	3	11,12,13		16		24	80083	800084	
80085	120	70210001;70210002;70210003;70210004;70210005;70210006;70210011;70210012;70210013;70210014;70210021;70210022;70210023;70210024;70210031;70210032;70210033;70210034;70210041;70210042;70210043;70210044;70210051;70210052;70210053;70210054;70211001;70211002;70211011;70211012;70211021;70211022;70211031;70211032;70211101;70211102;70211103;70211104;70211111;70211112;70211121;70211122;70211123;70211131;70211132;70210063;70211141;70211142;70211143;70211144;70211145;70211146;70211147;70211148	3	11,12,13		100		24		800085	
80086	120	70210001;70210002;70210003;70210004;70210005;70210006;70210011;70210012;70210013;70210014;70210021;70210022;70210023;70210024;70210031;70210032;70210033;70210034;70210041;70210042;70210043;70210044;70210051;70210052;70210053;70210054;70211001;70211002;70211011;70211012;70211021;70211022;70211031;70211032;70211101;70211102;70211103;70211104;70211111;70211112;70211121;70211122;70211123;70211131;70211132;70210063;70211141;70211142;70211143;70211144;70211145;70211146;70211147;70211148	3	11,12,13		200		24	80085	800086	
80087	120	70210001;70210002;70210003;70210004;70210005;70210006;70210011;70210012;70210013;70210014;70210021;70210022;70210023;70210024;70210031;70210032;70210033;70210034;70210041;70210042;70210043;70210044;70210051;70210052;70210053;70210054;70211001;70211002;70211011;70211012;70211021;70211022;70211031;70211032;70211101;70211102;70211103;70211104;70211111;70211112;70211121;70211122;70211123;70211131;70211132;70210063;70211141;70211142;70211143;70211144;70211145;70211146;70211147;70211148	3	11,12,13		300		24	80086	800087	
80088	705	72105				1		24		800088	
80089	705	72122				1		24		800089	
80090	705	72132				1		24		800090	
80091	114	1029				1		0		800091	1
80093	111	3001,3,1;3002,3,1;3003,3,1	3	11,12,13		6		24		800093	
80094	111	3001,3,1;3002,3,1;3003,3,1	3	11,12,13		12		24	80093	800094	
80095	111	3001,3,1;3002,3,1;3003,3,1	3	11,12,13		24		24	80094	800095	
80096	105	14;17				1		26		800096	1
80097	106	3	1	14,17		14		26		800097	1
80098	104	70900383	3	14,17		2		26		800098	1
80099	111	2014,3,1	3	14,17		4		26		800099	
80100	111	2014,3,1	3	14,17		8		26	80099	800100	
80101	111	2014,3,1	3	14,17		16		26	80100	800101	
80102	111	2005,3,1	3	14,17		6		26		800102	
80103	111	2005,3,1	3	14,17		2	1	26	80102	800103	
80104	111	2005,3,1	3	14,17		3	1	26	80103	800104	
80105	120	70210001;70210002;70210003;70210004;70210005;70210006;70210011;70210012;70210013;70210014;70210021;70210022;70210023;70210024;70210031;70210032;70210033;70210034;70210041;70210042;70210043;70210044;70210051;70210052;70210053;70210054;70211001;70211002;70211011;70211012;70211021;70211022;70211031;70211032;70211101;70211102;70211103;70211104;70211111;70211112;70211121;70211122;70211123;70211131;70211132;70210063;70211141;70211142;70211143;70211144;70211145;70211146;70211147;70211148	3	14,17		40		26		800105	
80106	120	70210001;70210002;70210003;70210004;70210005;70210006;70210011;70210012;70210013;70210014;70210021;70210022;70210023;70210024;70210031;70210032;70210033;70210034;70210041;70210042;70210043;70210044;70210051;70210052;70210053;70210054;70211001;70211002;70211011;70211012;70211021;70211022;70211031;70211032;70211101;70211102;70211103;70211104;70211111;70211112;70211121;70211122;70211123;70211131;70211132;70210063;70211141;70211142;70211143;70211144;70211145;70211146;70211147;70211148	3	14,17		80		26	80105	800106	
80107	120	70210001;70210002;70210003;70210004;70210005;70210006;70210011;70210012;70210013;70210014;70210021;70210022;70210023;70210024;70210031;70210032;70210033;70210034;70210041;70210042;70210043;70210044;70210051;70210052;70210053;70210054;70211001;70211002;70211011;70211012;70211021;70211022;70211031;70211032;70211101;70211102;70211103;70211104;70211111;70211112;70211121;70211122;70211123;70211131;70211132;70210063;70211141;70211142;70211143;70211144;70211145;70211146;70211147;70211148	3	14,17		160		26	80106	800107	
80110	111	3001,3,1;3002,3,1;3003,3,1	3	14,17		6		26		800110	
80111	111	3001,3,1;3002,3,1;3003,3,1	3	14,17		12		26	80110	800111	
80112	111	3001,3,1;3002,3,1;3003,3,1	3	14,17		24		26	80111	800112	
80108	705	72158				1		26		800108	
80109	705	72149				1		26		800109	
80113	105	18				1		27		800113	1
80114	106	3	1	18		7		27		800114	1
80115	104	70900383	3	18		2		27		800115	1
80116	111	2014,3,1	3	18		6		27		800116	
80117	111	2014,3,1	3	18		8	1	27	80116	800117	
80118	111	2014,3,1	3	18		16	1	27	80117	800118	
80119	111	2005,3,1	3	18		6		27		800119	
80120	120	70210001;70210002;70210003;70210004;70210005;70210006;70210011;70210012;70210013;70210014;70210021;70210022;70210023;70210024;70210031;70210032;70210033;70210034;70210041;70210042;70210043;70210044;70210051;70210052;70210053;70210054;70211001;70211002;70211011;70211012;70211021;70211022;70211031;70211032;70211101;70211102;70211103;70211104;70211111;70211112;70211121;70211122;70211123;70211131;70211132;70210063;70211141;70211142;70211143;70211144;70211145;70211146;70211147;70211148;70211150;70211151	3	18		30		27		800120	
80121	120	70210001;70210002;70210003;70210004;70210005;70210006;70210011;70210012;70210013;70210014;70210021;70210022;70210023;70210024;70210031;70210032;70210033;70210034;70210041;70210042;70210043;70210044;70210051;70210052;70210053;70210054;70211001;70211002;70211011;70211012;70211021;70211022;70211031;70211032;70211101;70211102;70211103;70211104;70211111;70211112;70211121;70211122;70211123;70211131;70211132;70210063;70211141;70211142;70211143;70211144;70211145;70211146;70211147;70211148;70211150;70211151	3	18		60		27	80120	800121	
80122	120	70210001;70210002;70210003;70210004;70210005;70210006;70210011;70210012;70210013;70210014;70210021;70210022;70210023;70210024;70210031;70210032;70210033;70210034;70210041;70210042;70210043;70210044;70210051;70210052;70210053;70210054;70211001;70211002;70211011;70211012;70211021;70211022;70211031;70211032;70211101;70211102;70211103;70211104;70211111;70211112;70211121;70211122;70211123;70211131;70211132;70210063;70211141;70211142;70211143;70211144;70211145;70211146;70211147;70211148;70211150;70211151	3	18		120		27	80121	800122	
80123	111	3001,3,1;3002,3,1;3003,3,1	3	18		4		27		800123	
80124	111	3001,3,1;3002,3,1;3003,3,1	3	18		8		27	80123	800124	
80125	111	3001,3,1;3002,3,1;3003,3,1	3	18		12		27	80124	800125	
80126	705	72173				1		27		800126	
80127	231			1002		1		0		800127	
80128	231			1002		30		0	80127	800128	
80129	231			1002		100		0	80128	800129	
80130	700	7223801				1		28		800130	1
80131	106	3	1	200		24		28		800131	1
80132	111	2005,3,1	3	200		6		28		800132	
80133	111	2005,3,1	3	200		15		28	80132	800133	
80134	111	2005,3,1	3	200		30		28	80133	800134	
80135	120	70210001;70210002;70210003;70210004;70210005;70210006;70210011;70210012;70210013;70210014;70210021;70210022;70210023;70210024;70210031;70210032;70210033;70210034;70210041;70210042;70210043;70210044;70210051;70210052;70210053;70210054;70211001;70211002;70211011;70211012;70211021;70211022;70211031;70211032;70211101;70211102;70211103;70211104;70211111;70211112;70211121;70211122;70211123;70211131;70211132;70210063;70211141;70211142;70211143;70211144;70211145;70211146;70211147;70211148;70211150;70211151	3	200		40		28		800135	
80136	120	70210001;70210002;70210003;70210004;70210005;70210006;70210011;70210012;70210013;70210014;70210021;70210022;70210023;70210024;70210031;70210032;70210033;70210034;70210041;70210042;70210043;70210044;70210051;70210052;70210053;70210054;70211001;70211002;70211011;70211012;70211021;70211022;70211031;70211032;70211101;70211102;70211103;70211104;70211111;70211112;70211121;70211122;70211123;70211131;70211132;70210063;70211141;70211142;70211143;70211144;70211145;70211146;70211147;70211148;70211150;70211151	3	200		80		28	80135	800136	
80137	120	70210001;70210002;70210003;70210004;70210005;70210006;70210011;70210012;70210013;70210014;70210021;70210022;70210023;70210024;70210031;70210032;70210033;70210034;70210041;70210042;70210043;70210044;70210051;70210052;70210053;70210054;70211001;70211002;70211011;70211012;70211021;70211022;70211031;70211032;70211101;70211102;70211103;70211104;70211111;70211112;70211121;70211122;70211123;70211131;70211132;70210063;70211141;70211142;70211143;70211144;70211145;70211146;70211147;70211148;70211150;70211151	3	200		160		28	80136	800137	
80138	111	3001,3,1;3002,3,1;3003,3,1	3	200		3		28		800138	
80139	111	3001,3,1;3002,3,1;3003,3,1	3	200		6		28	80138	800139	
80140	111	3001,3,1;3002,3,1;3003,3,1	3	200		12		28	80139	800140	
80141	700	7217749				1		28		800141	
80142	1024					10		0		800142	
80143	1024					30		0	80142	800143	
80144	1024					60		0	80143	800144	
80145	105	19				1		30		800145	1
80146	700	7104507				1		30		800146	1
80147	106	2	1	19,300		20		30		800147	1
80148	111	2005,3,1	2	19,300		6		30		800148	
80149	111	2005,3,1	2	19,300		12		30	80148	800149	
80150	111	2005,3,1	2	19,300		24		30	80149	800150	
80151	120	70210001;70210002;70210003;70210004;70210005;70210006;70210011;70210012;70210013;70210014;70210021;70210022;70210023;70210024;70210031;70210032;70210033;70210034;70210041;70210042;70210043;70210044;70210051;70210052;70210053;70210054;70211001;70211002;70211011;70211012;70211021;70211022;70211031;70211032;70211101;70211102;70211103;70211104;70211111;70211112;70211121;70211122;70211123;70211131;70211132;70210063;70211141;70211142;70211143;70211144;70211145;70211146;70211147;70211148;70211150;70211151	2	19,300		50		30		800151	
80152	120	70210001;70210002;70210003;70210004;70210005;70210006;70210011;70210012;70210013;70210014;70210021;70210022;70210023;70210024;70210031;70210032;70210033;70210034;70210041;70210042;70210043;70210044;70210051;70210052;70210053;70210054;70211001;70211002;70211011;70211012;70211021;70211022;70211031;70211032;70211101;70211102;70211103;70211104;70211111;70211112;70211121;70211122;70211123;70211131;70211132;70210063;70211141;70211142;70211143;70211144;70211145;70211146;70211147;70211148;70211150;70211151	2	19,300		100		30	80151	800152	
80153	120	70210001;70210002;70210003;70210004;70210005;70210006;70210011;70210012;70210013;70210014;70210021;70210022;70210023;70210024;70210031;70210032;70210033;70210034;70210041;70210042;70210043;70210044;70210051;70210052;70210053;70210054;70211001;70211002;70211011;70211012;70211021;70211022;70211031;70211032;70211101;70211102;70211103;70211104;70211111;70211112;70211121;70211122;70211123;70211131;70211132;70210063;70211141;70211142;70211143;70211144;70211145;70211146;70211147;70211148;70211150;70211151	2	19,300		200		30	80152	800153	
80154	111	3001,3,1;3002,3,1;3003,3,1	2	19,300		3		30		800154	
80155	111	3001,3,1;3002,3,1;3003,3,1	2	19,300		6		30	80154	800155	
80156	111	3001,3,1;3002,3,1;3003,3,1	2	19,300		12		30	80155	800156	
80157	934	3	10			1		30		800157	1
80158	700	7104429				1		30		800158	
80159	700	7104520				1		30		800159	
81000	111	6000,3,1				1		0		801000	1
81001	111	6001,3,1				1		0		801001	1
81002	111	6002,3,1				1		0		801002	1
81003	111	6003,3,1				1		0		801003	1
81004	115	25				1		0		801004	1
81005	903	3	SitPointOnStatue_ForAchievement			1		0		801005	1
81006	700	7101224				1	1	0		801006	
81007	700	2100450				1	1	0		801007	
81008	701	2102115,2102124				1	1	0		801008	
81009	701	7100532,7100534				1	1	0		801009	
81010	701	41803,41806				1		0		801010	1
81011	700	7100701				1	1	0		801011	
81012	700	7100832				1	1	0		801012	
81013	700	2100710				1	1	0		801013	
81014	111	6006,3,1				1		0		801014	1
81015	111	6007,3,1				1		0		801015	1
81016	111	6008,3,1				1		0		801016	1
81017	401	2	1			1		0		801017	
81018	401	2	1			10		0		801018	
81019	806	28020301;28020302				1		0		801019	1
81020	902					500		0		801020	1
81021	901					80000		0		801021	1
81022	900					15000		0		801022	1
81023	704					10000		0		801023	1
81024	930	1	8			1		0		801024	1
81025	930	2	8			1		0		801025	1
80092	930	3	10			1		0		800092	1
81026	932					10		0		801026	
81027	932					20		0	81026	801027	
81028	932					30		0	81027	801028	
81029	931					10		0		801029	
81030	931					20		0	81029	801030	
81031	931					30		0	81030	801031	
81032	933					1		0		801032	1
81033	812	ClimateAbility_Cold				1		0		801033	1
81034	111	6009,3,1				1		0		801034	1
81035	111	6010,3,1				1		0		801035	1
81036	700	7012107				1		0		801036	1
81037	111	6011,3,1				1		0		801037	1
81038	111	6015,3,1				9		0		801038	1
81039	111	6012,3,1				1		0		801039	1
81040	111	6013,3,1				1		0		801040	1
81041	111	6014,3,1				1		0		801041	1
81042	806	28020304				1		0		801042	1
81043	1	LevelAbility_Combat_Achievement_Watcher_1:Watcher_Achievement_82072				1		0		801043	1
81044	221	2009				1		0		801044	1
81045	811	SceneObj_Storm_Lightning				1		0		801045	1
81046	700	7014201				1		0		801046	1
81047	936					1		0		801047	1
81048	10					1		0		801048	1
81049	1010					1		18		801049	1
81050	1011	20000				1		18		801050	
81051	1011	20000				2		18	81050	801051	
81052	1011	20000				3		18	81051	801052	
81053	1004	4				1		18		801053	
81054	1004	7				1		18	81053	801054	
81055	1004	10				1		18	81054	801055	
81056	212	101301;101302;101303;101304;101305;101306;101307;101308;101309;101310;101311;101312				100		18		801056	
81057	212	101301;101302;101303;101304;101305;101306;101307;101308;101309;101310;101311;101312				600		18	81056	801057	
81058	212	101301;101302;101303;101304;101305;101306;101307;101308;101309;101310;101311;101312				2000		18	81057	801058	
81059	1005					2000		18		801059	
81060	1005					10000		18	81059	801060	
81061	1005					50000		18	81060	801061	
81062	1003					120		18		801062	
81063	1003					300		18	81062	801063	
81064	1003					600		18	81063	801064	
81065	437	8				50		18		801065	
81066	437	8				200		18	81065	801066	
81067	437	8				600		18	81066	801067	
81068	1002					60		18		801068	
81069	1002					120		18	81068	801069	
81070	1002					180		18	81069	801070	
81071	1009	0				50		18		801071	
81072	1009	0				150		18	81071	801072	
81073	1009	0				300		18	81072	801073	
81074	336	2	1			1		0		801074	
81075	337	2	180			1		0		801075	
81076	338	2	1			1		0		801076	
81077	339	2	1			1		0		801077	
81078	340	2	15			1		0		801078	
81079	1019					1		19		801079	
81080	1017					10		19		801080	
81081	1017					20		19	81080	801081	
81082	1017					30		19	81081	801082	
81083	1016					5		19		801083	
81084	1016					10		19	81083	801084	
81085	1016					20		19	81084	801085	
81086	1021	373501				1		23		801086	
81087	1023	372501				40		23		801087	
81088	1023	372501				200		23	81087	801088	
81089	1023	372501				800		23	81088	801089	
81090	1023	372502				40		23		801090	
81091	1023	372502				200		23	81090	801091	
81092	1023	372502				800		23	81091	801092	
81093	1023	372503				40		23		801093	
81094	1023	372503				200		23	81093	801094	
81095	1023	372503				800		23	81094	801095	
81096	111	6016,3,1				15		0		801096	1
81097	701	7218109,7218609,7218709,7218809,7218909,7219309				1		0		801097	1
81098	111	6018,3,1				1		0		801098	1
81099	701	7211201,7211202,7211203,7211204,7210401,7210402,7210403,7210404,7210301,7210302,7210303,7210304				1		0		801099	1
81100	701	7211234,7210434,7210334				1		0		801100	1
81101	706	72122				1	1	0		801101	1
81102	701	7212201				1	1	0		801102	1
81103	701	7212201				1	1	0		801103	1
81104	701	7219922				1		0		801104	1
81105	701	7211311				1		0		801105	1
81106	706	72110				1		0		801106	1
81107	111	6027,3,1				1	1	0		801107	1
81108	111	6028,3,1				1		0		801108	1
81109	701	7214409				1		0		801109	1
81110	701	99902				1	1	0		801110	1
81111	706	72179				1		0		801111	1
81112	706	72196				1		0		801112	1
81113	706	72141				1		0		801113	1
81114	706	72178				1		0		801114	1
81115	701	7219715				1		0		801115	1
81116	701	7213908				1		0		801116	1
81117	701	7211426				1		0		801117	1
81118	701	7212318				1		0		801118	1
81119	701	7212422				1		0		801119	1
81120	438	133213151	180	180	30	1		0		801120	1
81121	701	7212703				1		0		801121	1
81122	701	7212101				1		0		801122	1
81123	812	ClimateAbility_TatariRegion				1		0		801123	1
81124	111	6047,3,1				1		0		801124	1
81125	111	6048,3,1				1		0		801125	1
81126	111	6049,3,1				1	1	0		801126	1
81127	701	7212201				1	1	0		801127	1
81128	701	7212201				1	1	0		801128	1
81129	111	6052,3,1				1	1	0		801129	1
81130	111	6053,3,1				1		0		801130	1
81131	1100					1		25		801131	
81132	1100	1				1		25		801132	
81133	1100			9302		1		25		801133	
81134	1100					100		25		801134	
81135	1100					500		25	81134	801135	
81136	1100					2000		25	81135	801136	
81137	1100		1			1		25		801137	
81138	405	1064;1065;1066	33			1		25		801138	
81139	437	10				20		25		801139	
81140	229	2				20		25		801140	
81141	1103					1		0		801141	
81142	1104					1		0		801142	
81143	1101	9200				10		25		801143	
81144	212	101506				1		25		801144	
81150	706	72165				1		0		801150	1
81151	706	72151				1		0		801151	1
81152	706	72152				1		0		801152	1
81153	111	6054,3,1				1		0		801153	1
81154	111	6055,3,1				1		0		801154	1
81155	122	3	351			1		0		801155	1
81156	111	6056,3,1				1		0		801156	1
81157	701	7215525				1		0		801157	1
81158	706	72216				1		0		801158	1
81159	111	6057,3,1				1		0		801159	1
81160	706	72162				1		0		801160	1
81161	706	72163				1		0		801161	1
81162	111	6058,3,1				1		0		801162	1
81163	111	6059,3,1				1		0		801163	1
81164	111	6060,3,1				1		0		801164	1
81165	111	6061,3,1				1		0		801165	1
81166	111	6062,3,1				1	1	0		801165	1
81167	701	7216705				1		0		801167	1
81168	701	7216651				1		0		801168	1
81169	706	72167				1	1	0		801169	1
81170	701	7217401,7220101,7220201,7220301,7220401,7220501,7220601,7220701,7220801				1		0		801170	1
81171	706	72174				1		0		801171	1
81172	111	6063,3,1				1		0		801172	1
81173	706	72175				1		0		801173	1
81174	706	72202				1		0		801174	1
81175	701	7216719				1		0		801175	1
81176	111	6064,3,1				1		0		801176	1
81177	111	6065,3,1				1		0		801177	1
81178	111	6066,3,1				1	1	0		801178	1
81179	111	6067,3,1				1		0		801179	1
81180	111	6068,3,1				1		0		801180	1
81181	701	7217344				1		0		801181	1
81182	231				28050101;28050102;28050103;28050104;28050105	1		0		801182	1
81183	231				28030401;28030402;28030403;28030404	1		0		801183	1
81184	706	72233				1		0		801184	1
81185	701	7224208				1		0		801185	1
81186	701	7217715				1		0		801186	1
81187	701	7226807				1		0		801187	1
81188	701	7226907				1		0		801188	1
81189	701	7227007				1		0		801189	1
81190	111	6069,3,1				1	1	0		801190	1
81191	111	6070,3,1				1		0		801191	1
81192	706	72235				1		0		801192	1
81193	701	7223411				1		0		801193	1
81194	706	72245				1		0		801194	1
81195	111	6072,3,1				1		0		801195	1
81196	111	6073,3,1				1		0		801196	1
81197	701	7228202				1		0		801197	1
81198	332	155002024,155003017,155005010,155005111,155005124,155005173,155006002,155008082,155009030	isfinished	1		9		0		801198	1
81199	111	6074,3,1				1		0		801199	1
81200	706	71093				1		0		801200	1
81201	111	6075,3,1				1		0		801201	1
81202	111	6076,3,1				1		0		801202	1
81203	111	6077,3,1				1		0		801203	1
81204	111	6078,3,1				1		0		801204	1
81205	701	7107807				1		0		801205	1
81206	706	71053				1		0		801206	1
81207	706	71094				1		0		801207	1
81208	701	7104211				1		0		801208	1
81209	701	7104313				1		0		801209	1
81210	701	7104107				1		0		801210	1
81211	701	7108901				1		0		801211	1
81212	701	7105702				1		0		801212	1
81213	706	71061				1		0		801213	1
81214	701	7106411				1		0		801214	1
81215	701	7106308				1		0		801215	1
81216	701	7105413				1		0		801216	1
81217	1	LevelAbility_Combat_Achievement_Watcher_2:Watcher_Achievement_81217				1		0		801217	1
81218	812	SceneAbility_BlackMudArea				1		0		801218	1
81219	1	LevelAbility_Combat_Achievement_Watcher_1:Watcher_Achievement_82072				1	1	0		801219	1
81220	111	6079,3,1				1		0		801220	1
81221	701	7108011				1		0		801221	1
81222	123	87,88,89				1		0		801222	1
82001	1	LevelAbility_Combat_Achievement_Watcher_1:Wtcher_Achievement_82001	Achievement_Avatar_Shooter	1055		1		7		802001	1
82002	1	LevelAbility_Combat_Achievement_Watcher_1:Wtcher_Achievement_82002	Achievement_Avatar_Shooter	1055		1		7		802002	1
82003	1	LevelAbility_Combat_Achievement_Watcher_1:Wtcher_Achievement_82003	Achievement_Avatar_Shooter	1055		1		7		802003	1
82004	1	LevelAbility_Combat_Achievement_Watcher_1:Wtcher_Achievement_82004				1		8		802004	1
82005	1	LevelAbility_Combat_Achievement_Watcher_1:Wtcher_Achievement_82005				1		8		802005	1
82006	1	LevelAbility_Combat_Achievement_Watcher_1:Wtcher_Achievement_82006				1		8		802006	1
82007	1	LevelAbility_Combat_Achievement_Watcher_1:Wtcher_Achievement_82007				1		8		802007	1
82008	1	LevelAbility_Combat_Achievement_Watcher_1:Wtcher_Achievement_82008				1		0		802008	1
82009	1	LevelAbility_Combat_Achievement_Watcher_1:Wtcher_Achievement_82009				1		0		802009	1
82010	1	LevelAbility_Combat_Achievement_Watcher_1:Wtcher_Achievement_82010				1		0		802010	1
82011	1	LevelAbility_Combat_Achievement_Watcher_1:Wtcher_Achievement_82011				1	1	0		802011	1
82012	1	LevelAbility_Combat_Achievement_Watcher_1:Wtcher_Achievement_82012				1		0		802012	1
82013	1	LevelAbility_Combat_Achievement_Watcher_1:Wtcher_Achievement_82013				1		0		802013	1
82014	1	LevelAbility_Combat_Achievement_Watcher_1:Wtcher_Achievement_82014				1		0		802014	1
82015	1	LevelAbility_Combat_Achievement_Watcher_1:Wtcher_Achievement_82015				1		0		802015	1
82016	1	LevelAbility_Combat_Achievement_Watcher_1:Wtcher_Achievement_82016				1	1	0		802016	1
82017	1	LevelAbility_Combat_Achievement_Watcher_1:Wtcher_Achievement_82017				1		0		802017	1
82018	1	LevelAbility_Combat_Achievement_Watcher_1:Wtcher_Achievement_82018				1	1	0		802018	1
82019	803	65536	10000			1		6		802019	
82020	803	65536	10000			5		6	82019	802020	
82021	803	65536	10000			10		6	82020	802021	
82022	800	17:1,18:1,19:1,20:1				1		6		802022	
82023	800	17:1,18:1,19:1,20:1				5		6	82022	802023	
82024	800	17:1,18:1,19:1,20:1				10		6	82023	802024	
82025	800	8:4				1		6		802025	
82026	800	8:4				5		6	82025	802026	
82027	800	8:4				10		6	82026	802027	
82028	801	16:4				1		6		802028	
82029	801	16:4				5		6	82028	802029	
82030	801	16:4				10		6	82029	802030	
82031	801	1:4				1		6		802031	
82032	801	1:4				5		6	82031	802032	
82033	801	1:4				10		6	82032	802033	
82034	801	7:4				1		6		802034	
82035	801	7:4				5		6	82034	802035	
82036	801	7:4				10		6	82035	802036	
82037	801	12:4				1		6		802037	
82038	801	12:4				5		6	82037	802038	
82039	801	12:4				10		6	82038	802039	
82040	805					4		0		802040	1
82041	804					5000		0		802041	
82042	804					20000		0	82041	802042	
82043	804					50000		0	82042	802043	
82044	304	4	3			1		9		802044	
82045	304	8	3			1		9	82044	802045	
82046	304	12	3			1		9	82045	802046	
82047	313	2	3			1		9		802047	
82048	313	5	3			1		9	82047	802048	
82049	313	8	3			1		9	82048	802049	
82050	311	2	2	70350035		1		9		802050	
82051	312					72		9		802051	1
82052	315	4				1		0		802052	1
82053	119	20050201,20050301,20050401,20050501,20050601,20050701,20050801,20050901				1		14		802053	1
82054	1	LevelAbility_Combat_Achievement_Watcher_1:Watcher_Achievement_82054				1		14		802054	1
82055	118	21011501				1		14		802055	
82056	118	21011501				20		14	82055	802056	
82057	118	21011501				50		14	82056	802057	
82058	1	LevelAbility_Combat_Achievement_Watcher_1:Watcher_Achievement_82058				1		14		802058	1
82059	1	LevelAbility_Combat_Achievement_Watcher_1:Watcher_Achievement_82059				1		14		802059	1
82060	1	LevelAbility_Combat_Achievement_Watcher_1:Watcher_Achievement_82060	Achievement_Avatar_FallAnthem			1		14		802060	1
82061	809	5				1		14		802061	1
82062	810	3				1		14		802062	1
82063	1	LevelAbility_Combat_Achievement_Watcher_1:Watcher_Achievement_82063				1		0		802063	1
82064	1	LevelAbility_Combat_Achievement_Watcher_1:Watcher_Achievement_82064				1		0		802064	1
82065	1	LevelAbility_Combat_Achievement_Watcher_1:Watcher_Achievement_82065				1		0		802065	1
82066	1	LevelAbility_Combat_Achievement_Watcher_1:Watcher_Achievement_82066				1		15		802066	1
82067	1	LevelAbility_Combat_Achievement_Watcher_1:Watcher_Achievement_82067				1		15		802067	1
82068	1	LevelAbility_Combat_Achievement_Watcher_1:Watcher_Achievement_82068				1		15		802068	1
82069	1	LevelAbility_Combat_Achievement_Watcher_1:Watcher_Achievement_82069				1		15		802069	1
82070	1	LevelAbility_Combat_Achievement_Watcher_1:Watcher_Achievement_82070				1		15		802070	1
82071	1	LevelAbility_Combat_Achievement_Watcher_1:Watcher_Achievement_82071				1		15		802071	1
82072	119	28020304				1		15		802072	1
82073	1	LevelAbility_Combat_Achievement_Watcher_1:Watcher_Achievement_82073				1		15		802073	1
82074	1	LevelAbility_Combat_Achievement_Watcher_1:Watcher_Achievement_82074				1		0		802074	1
82075	1	LevelAbility_Combat_Achievement_Watcher_1:Watcher_Achievement_82075				1		0		802075	1
82076	1	LevelAbility_Combat_Achievement_Watcher_1:Watcher_Achievement_82076				1		0		802076	1
82077	1	LevelAbility_Combat_Achievement_Watcher_1:Watcher_Achievement_82077				1		0		802077	1
82078	1	LevelAbility_Combat_Achievement_Watcher_1:Watcher_Achievement_82078				1		0		802078	1
82079	1	LevelAbility_Combat_Achievement_Watcher_1:Watcher_Achievement_82079				1		0		802079	1
82080	1	LevelAbility_Combat_Achievement_Watcher_1:Watcher_Achievement_82080				1		0		802080	1
82081	1	LevelAbility_Combat_Achievement_Watcher_1:Watcher_Achievement_82081				1		0		802081	1
82082	1	LevelAbility_Combat_Achievement_Watcher_1:Watcher_Achievement_82082				1		0		802082	1
82083	1	LevelAbility_Combat_Achievement_Watcher_1:Watcher_Achievement_82083				1		0		802083	1
82084	1	LevelAbility_Combat_Achievement_Watcher_1:Watcher_Achievement_82084				1		0		802084	1
82085	1	LevelAbility_Combat_Achievement_Watcher_1:Watcher_Achievement_82085				1		0		802085	1
82086	1	LevelAbility_Combat_Achievement_Watcher_1:Watcher_Achievement_82086				1		0		802086	1
82087	1	LevelAbility_Combat_Achievement_Watcher_1:Watcher_Achievement_82087				1		0		802087	1
82088	119	29040101,29040102,29040103,29040104				1		0		802088	1
82089	1	LevelAbility_Combat_Achievement_Watcher_1:Watcher_Achievement_82089				1		0		802089	1
82090	1	LevelAbility_Combat_Achievement_Watcher_1:Watcher_Achievement_82090				1		0		802090	1
82091	119	26040101,26040102,26040103,26040104				1		20		802091	1
82092	119	26050101,26050201,26050301,26050401				1		20		802092	1
82093	1	LevelAbility_Combat_Achievement_Watcher_2:Watcher_Achievement_82093				1		20		802093	1
82094	1	LevelAbility_Combat_Achievement_Watcher_2:Watcher_Achievement_82094				1		20		802094	1
82095	1	LevelAbility_Combat_Achievement_Watcher_2:Watcher_Achievement_82095				1		20		802095	1
82096	1	LevelAbility_Combat_Achievement_Watcher_2:Watcher_Achievement_82096				1		20		802096	1
82097	1	LevelAbility_Combat_Achievement_Watcher_2:Watcher_Achievement_82097				1		20		802097	1
82098	1	LevelAbility_Combat_Achievement_Watcher_2:Watcher_Achievement_82098				1		20		802098	1
82109	1	LevelAbility_Combat_Achievement_Watcher_2:Watcher_Achievement_82109				1		20		802109	1
82099	1	LevelAbility_Combat_Achievement_Watcher_2:Watcher_Achievement_82099				1		0		802099	1
82100	1	LevelAbility_Combat_Achievement_Watcher_2:Watcher_Achievement_82100				1		0		802100	1
82101	1	LevelAbility_Combat_Achievement_Watcher_2:Watcher_Achievement_82101				1		0		802101	1
82102	1	LevelAbility_Combat_Achievement_Watcher_2:Watcher_Achievement_82102				1		0		802102	1
82103	1	LevelAbility_Combat_Achievement_Watcher_2:Watcher_Achievement_82103				1		0		802103	1
82104	1	LevelAbility_Combat_Achievement_Watcher_2:Watcher_Achievement_82104				1		0		802104	1
82105	1	LevelAbility_Combat_Achievement_Watcher_2:Watcher_Achievement_82105				1		0		802105	1
82106	1	LevelAbility_Combat_Achievement_Watcher_2:Watcher_Achievement_82106				1		0		802106	1
82107	1	LevelAbility_Combat_Achievement_Watcher_2:Watcher_Achievement_82107				1		0		802107	1
82108	1	LevelAbility_Combat_Achievement_Watcher_1:Watcher_Achievement_82108				1		0		802108	1
82110	1	LevelAbility_Combat_Achievement_Watcher_2:Watcher_Achievement_82110				1		0		802110	1
82111	1	LevelAbility_Combat_Achievement_Watcher_2:Watcher_Achievement_82111				1		0		802111	1
82112	1	LevelAbility_Combat_Achievement_Watcher_2:Watcher_Achievement_82112				1		0		802112	1
82113	1	LevelAbility_Combat_Achievement_Watcher_2:Watcher_Achievement_82113				1		0		802113	1
82114	1	LevelAbility_Combat_Achievement_Watcher_2:Watcher_Achievement_82114				1		0		802114	1
82115	1	LevelAbility_Combat_Achievement_Watcher_2:Watcher_Achievement_82115				1		29		802115	1
82116	1	LevelAbility_Combat_Achievement_Watcher_2:Watcher_Achievement_82116				1		29		802116	1
82117	1	LevelAbility_Combat_Achievement_Watcher_2:Watcher_Achievement_82117				1		29		802117	1
82118	1	LevelAbility_Combat_Achievement_Watcher_2:Watcher_Achievement_82118				1		29		802118	1
82119	1	LevelAbility_Combat_Achievement_Watcher_2:Watcher_Achievement_82119				1		29		802119	1
82120	1	LevelAbility_Combat_Achievement_Watcher_2:Watcher_Achievement_82120				1		29		802120	1
82121	1	LevelAbility_Combat_Achievement_Watcher_2:Watcher_Achievement_82121				1		0		802121	1
82122	1	LevelAbility_Combat_Achievement_Watcher_2:Watcher_Achievement_82122				1		0		802122	1
82123	1	LevelAbility_Combat_Achievement_Watcher_2:Watcher_Achievement_82123				1		0		802123	1
82124	1	LevelAbility_Combat_Achievement_Watcher_2:Watcher_Achievement_82124				1		0		802124	1
82125	1	LevelAbility_Combat_Achievement_Watcher_2:Watcher_Achievement_82125				1		0		802125	1
82126	1	LevelAbility_Combat_Achievement_Watcher_2:Watcher_Achievement_82126				1		29		802126	1
82127	1	LevelAbility_Combat_Achievement_Watcher_2:Watcher_Achievement_82127				1		0		802127	1
82128	1	LevelAbility_Combat_Achievement_Watcher_2:Watcher_Achievement_82128				1		29		802128	1
84000	700	39604				1		0		804000	1
84001	700	30904				1		0		804001	1
84002	700	38406				1		0		804002	1
84003	700	39604				1		0		804003	1
84004	700	35311				1		0		804004	1
84005	700	35723				1		0		804005	1
84006	700	37005				1		0		804006	1
84007	700	37608				1		0		804007	1
84008	700	39403				1		0		804008	1
84009	700	101801				1		0		804009	1
84010	700	101609				1		0		804010	1
84011	700	100013				1		0		804011	1
84012	700	100315				1		0		804012	1
84013	700	101209				1		0		804013	1
84014	700	101403				1		0		804014	1
84015	700	101320				1		0		804015	1
84016	700	101507				1		0		804016	1
84017	700	101512				1		0		804017	1
84018	700	102111				1		0		804018	1
84019	700	102104				1		0		804019	1
84020	700	102204				1		0		804020	1
84021	700	102304				1		0		804021	1
84022	700	102516				1		0		804022	1
84023	700	102506				1		0		804023	1
84024	700	102510				1		0		804024	1
84025	700	1800027				1		0		804025	1
84029	700	800004				1		0		804029	1
84030	700	800007				1		0		804030	1
84031	700	800107				1		0		804031	1
84032	700	800304				1		0		804032	1
84033	700	800311				1		0		804033	1
84034	700	200004				1		0		804034	1
84035	700	200102				1		0		804035	1
84036	700	200212				1		0		804036	1
84037	700	201107				1		0		804037	1
84038	700	201310				1		0		804038	1
84039	700	200302				1		0		804039	1
84040	700	200304				1		0		804040	1
84041	700	200710				1		0		804041	1
84042	700	200709				1		0		804042	1
84043	700	200808				1		0		804043	1
84044	700	200919				1		0		804044	1
84045	700	200711				1		0		804045	1
84046	700	200908				1		0		804046	1
84047	700	201014				1		0		804047	1
84048	700	201601				1		0		804048	1
84049	700	201715				1		0		804049	1
84050	700	201904				1		0		804050	1
84051	700	202010				1		0		804051	1
84052	700	202102				1		0		804052	1
84053	700	7183105				1		0		804053	1
84056	700	1101501				1		0		804056	1
84057	700	1101502				1		0		804057	1
84058	700	1101414				1		0		804058	1
84059	700	1101505				1		0		804059	1
84060	701	800403,800404				1		0		804060	1
84061	701	800518,800515				1		0		804061	1
84062	700	800608				1		0		804062	1
84063	700	800710				1		0		804063	1
84064	700	102914				1		0		804064	1
84065	700	103104				1		0		804065	1
84066	700	103106				1		0		804066	1
84501	701	2000915,2001015,2001515				1		10		804501	1
84502	700	2010314				1		10		804502	1
84503	700	2070012,2070013,2070014				1		11		804503	1
84504	700	2060006,2060008,2060010				1		11		804504	1
84505	700	2230080,2230081				1		12		804505	1
84506	703	40001	3			1		12		804506	1
84507	700	2230154				1		12		804507	1
84508	700	2200004,2200105,2200204				1		0		804508	1
84509	700	2200305,2200405				1		0		804509	1
84510	700	2210710,2210711,2210712,2210713,2210714				1		0		804510	1
84512	701	2003606				5		0		804512	1
84513	700	2211305				1		0		804513	1
84514	700	2230599				1		0		804514	1
84515	700	2006803				1		0		804515	1
84516	700	2006207				1		0		804516	1
84517	700	2005990				1		0		804517	1
84518	700	2010206				1		0		804518	1
84519	702	24800	1	1		1		0		804519	1
84520	700	2051738				1		0		804520	1
84521	212	100329				1	1	0		804521	1
84522	700	2200606,2200903				1		0		804522	1
84523	700	2211405				1		0		804523	1
84524	700	2211508				1		0		804524	1
84525	700	2230204				1		0		804525	1
84526	700	2210716,2210717,2210718,2210719				1		0		804526	1
84527	504	100305;100312;100313				1		0		804527	1
84528	700	2201906				1		0		804528	1
84529	700	2202006				1		0		804529	1
84530	701	2202508,2202509,2202510				1		0		804530	1
84531	702	41130	2	100		1		0		804531	1
84532	700	2202109,2202110				1		0		804532	1
84533	700	2202202				1		0		804533	1
84534	700	2203011,2203012				1		0		804534	1
84535	700	2203704				1		0		804535	1
84536	700	2201608				1		0		804536	1
84537	701	7280901,7280902				1		0		804537	1
84538	700	2201705,2201305				1		0		804538	1
84539	702	41150	4	5		1		0		804539	1
84540	700	7280604				1		0		804540	1
84541	700	7281203				1		0		804541	1
84542	700	2205007				1		0		804542	1
84054	700	2003304				1		0		804054	1
84055	701	2102708,2102709				1		0		804055	1
85000	700	7101224				1		0		805000	1
85001	700	2100450				1		0		805001	1
85002	701	2102115,2102124				1		0		805002	1
85003	701	7100532,7100534				1		0		805003	1
85004	700	7100701				1		0		805004	1
85005	700	7100832				1		0		805005	1
85006	700	2100710				1		0		805006	1
84027	943	103201	10101,10102			1	1	0		804027	1
84026	942	103201	101,201,301,302,401,402			1		17		804026	1
84100	942	103201	201			1		17		804100	1
84101	700	1904522				1		17		804101	1
84104	942	103601	1902306,1902505,1902491,1903110,1903209,1903205			1		17		804104	1
84028	944	103601	1	3		1		17		804028	1
84107	942	103601	1902491			1		17		804107	1
84102	942	101401	101,102,103,104,105			1		17		804102	1
84108	942	101401	20102,90202,90302,90402			1		17		804108	1
84105	942	101401	103			1		17		804105	1
84103	942	103401	190620502,190620701,190650201,190660201,190680301,190690401			1		17		804103	1
84106	942	103401	190650201			1		17		804106	1
84109	700	1907002				1		17		804109	1
84110	942	103402	1908306,1908406,1908702,1908708,1909104,1909205			1		17		804110	1
84111	942	103402	1908406			1		17		804111	1
84112	701	1908707				1		17		804112	1
84113	942	103901	101,102,103,104,105			1		17		804113	1
84114	942	103901	103			1		17		804114	1
84115	942	103901	102			1		17		804115	1
84116	942	105001	1911405,1911503,1911705,1911802,1912003,1912180			1		17		804116	1
84117	700	1911502				1		17		804117	1
84118	942	105001	1911705			1		17		804118	1
84119	942	105301	1901307,1901306,1901407,1901507,1901604,1901607			1		17		804119	1
84120	700	1901503				1		17		804120	1
84121	942	105301	1901307			1		17		804121	1
84122	942	102401	101,102,103,104,105			1		17		804122	1
84123	942	102401	105			1		17		804123	1
84124	942	102401	103			1		17		804124	1
84125	942	105501	1901906,1902005,1902603,1902704,1902805			1		17		804125	1
84126	703	1901905	1			1		17		804126	1
84127	942	105501	1902603			1		17		804127	1
84128	942	102701	1,2,3,4,5			1		17		804128	1
84129	700	1913615				1		17		804129	1
84130	942	102701	5			1		17		804130	1
84131	942	106401	1903801,1903805,1904006,1904007,1904706			1		17		804131	1
84132	942	106401	1904006			1		17		804132	1
84133	700	1904715				1		17		804133	1
84134	942	106501	191451201,191460901,191470101,191480601,191440801			1		17		804134	1
84135	942	106501	191451201			1		17		804135	1
84136	700	1914409				1		17		804136	1
84137	942	105901	190551101,190570401,190570402,190600801,190601201			1		17		804137	1
84138	700	1906022,1906023,1906028				1		17		804138	1
84139	700	1905517				1		17		804139	1
86001	424	0				5		13		806001	
86002	424	0				20		13	86001	806002	
86003	424	0				100		13	86002	806003	
86004	314	1;2;3;4;5;6;7;8;9;10;11;12;13;100;101;102;103;14;16;17;18;200;19;300				5		13		806004	
86005	314	1;2;3;4;5;6;7;8;9;10;11;12;13;100;101;102;103;14;16;17;18;200;19;300				20		13	86004	806005	
86006	314	1;2;3;4;5;6;7;8;9;10;11;12;13;100;101;102;103;14;16;17;18;200;19;300				50		13	86005	806006	
86007	425	00402				1		13		806007	1
86008	425	00401				1		13		806008	1
86009	425	00403				1		13		806009	1
86010	425	60201				1		13		806010	1
86011	425	60202				1		13		806011	1
86012	425	00501				1		13		806012	1
86013	425	90201				1		13		806013	1
86014	425	90301				1	1	21		806014	1
86021	440	29030106				1		21		806021	1
86015	425	60501;60502;60503;60504				1		21		806015	1
86016	425	90401				1		21		806016	1
86017	425	00405				1		21		806017	1
86018	425	50901				1		21		806018	1
86019	425	00406				1		21		806019	1
86020	425	40211				1		21		806020	1
87001	1019					1	1	19		806013	
87002	1017					10	1	19		806013	
87003	1017					20	1	19	87002	806013	
87004	1017					30	1	19	87003	806013	
87005	1016					5	1	19		806013	
87006	1016					10	1	19	87005	806013	
87007	1016					20	1	19	87006	806013	
