父任务ID	合集ID	父任务组	任务类型	启用模式	Lua脚本路径	推荐等级	可重复	任务奖励RewardID	章节ID	事件ID	活动类型	VideoKey
800			7	1	Actor/Quest/WQ800							
1019	1014	1207		1	Actor/Quest/AQ1019			101019	1207			
1027	1014	1207		1	Actor/Quest/AQ1027							
1028	1014	1207		1	Actor/Quest/AQ1028			101028	1207			
1029	1014	1207		1	Actor/Quest/AQ1029			101029	1207			
1030	1014	1207		1	Actor/Quest/AQ1030			101030	1207			
1031	1014	1207		1	Actor/Quest/AQ1031			101031	1207			3303136414174011
1032	1014	1207		1	Actor/Quest/AQ1032							
1033	1014	1207		1	Actor/Quest/AQ1033							
2000	1008	1201		1	Actor/Quest/AQ2000			102000	1201			
2001	1008	1201		1	Actor/Quest/AQ2001			102001	1201			
2002	1008	1201		1	Actor/Quest/AQ2002			102002	1201			
2003	1009	1201		1	Actor/Quest/AQ2003			102003	1202			
2004	1009	1201		1	Actor/Quest/AQ2004			102004	1202			
2005	1009	1201		1	Actor/Quest/AQ2005			102005	1202			
2006	1009	1201		1	Actor/Quest/AQ2006			102006	1202			
2007	1009	1201		1	Actor/Quest/AQ2007			102007	1202			
2008	1010	1201		1	Actor/Quest/AQ2008			102008	1203			
2009	1010	1201		1	Actor/Quest/AQ2009			102009	1203			
2010	1011	1210		1	Actor/Quest/AQ2010			102010	1204			
2011	1009			1	Actor/Quest/AQ2011			102011	1202			
2012	1009			1	Actor/Quest/AQ2012			102012	1202			
2013	1009			1	Actor/Quest/AQ2013			102013	1202			
2014	1011	1210		1	Actor/Quest/AQ2014			102014	1204			
2015	1011	1210		1	Actor/Quest/AQ2015			102015	1204			
2016	1011	1210		1	Actor/Quest/AQ2016			102016	1204			
2017	1011	1210		1	Actor/Quest/AQ2017			102017	1204			
2018	1011	1210		1	Actor/Quest/AQ2018			102018	1204			
2019	1011	1210		1	Actor/Quest/AQ2019			102019	1204			
2020	1011	1210		1	Actor/Quest/AQ2020			102020	1204			
2021	1011	1210		1	Actor/Quest/AQ2021			102021	1204			
2022	1010			1	Actor/Quest/AQ2022							
2023	1009				Actor/Quest/AQ2023							
2024	8003	1210			Actor/Quest/AQ2024				1204			
2025	1009				Actor/Quest/AQ2025							
8000	1007	1104		1	Actor/Quest/AQ8000			108000	1104			
8001	1007	1104		1	Actor/Quest/AQ8001			108001	1104			
8002	1007	1104		1	Actor/Quest/AQ8002			108002	1104			
8003	1007	1104		1	Actor/Quest/AQ8003			108003	1104			
8004	1012	1206		1	Actor/Quest/AQ8004			108004	1206			
8005	1012	1206		1	Actor/Quest/AQ8005			108005	1206			
8006	1012	1206		1	Actor/Quest/AQ8006			108006	1206			
8007	1012	1206		1	Actor/Quest/AQ8007			108007	1206			
8008	1012			1	Actor/Quest/AQ8008			108008				
10001	2005		2	1								
10120	2019	2019	2	1	Actor/Quest/LQ10120			110120	2019			
10121	2019	2019	2	1	Actor/Quest/LQ10121			110121	2019			
10122	2019	2019	2	1	Actor/Quest/LQ10122			110122	2019			
10500	2010	2010	2	1	Actor/Quest/LQ10500			110500	2010			
10501	2010	2010	2	1	Actor/Quest/LQ10501			110501	2010			
10502	2010	2010	2	1	Actor/Quest/LQ10502			110502	2010			
10503	2010	2010	2	1					2010			
11008	5002		7	1	Actor/Quest/WQ11008			111008				
11009	1013	1205		1	Actor/Quest/AQ11009			111009	1205			
11010	2012	2012	2	1	Actor/Quest/LQ11010			111010	2012			
11011	2012	2012	2	1	Actor/Quest/LQ11011			111011	2012			
11012	2012	2012	2	1	Actor/Quest/LQ11012			111012	2012			
11013	1013	1205		1	Actor/Quest/AQ11013			111013	1205			
11014	1013	1205		1	Actor/Quest/AQ11014			111014	1205			
11015	1013	1205		1	Actor/Quest/AQ11015			111015	1205			
11016	1013	1205		1	Actor/Quest/AQ11016				1205			
11017	1013	1205		1	Actor/Quest/AQ11017				1205			
11018	2028	2029	2	1	Actor/Quest/LQ11018			111018	2029			
11019	2028	2029	2	1	Actor/Quest/LQ11019			111019	2029			
11020	2014	2014	2	1	Actor/Quest/LQ11020			111020	2014			
11021	2014	2014	2	1	Actor/Quest/LQ11021			111021	2014			
11022	2014	2014	2	1	Actor/Quest/LQ11022			111022	2014			
11023	2014	2014	2	1	Actor/Quest/LQ11023			111023	2014			
11024	2014	2014	2	1	Actor/Quest/LQ11024			111024	2014			
11025	8004	2014	2	1	Actor/Quest/LQ11025							
11026	2028	2029	2	1	Actor/Quest/LQ11026			111026	2029			6382832627668464
11030	2016	2016	2	1	Actor/Quest/LQ11030			111030	2016			
11031	2016	2016	2	1	Actor/Quest/LQ11031			111031	2016			
11032	2016	2016	2	1	Actor/Quest/LQ11032			111032	2016			
11040	2017	2017	2	1	Actor/Quest/LQ11040			111040	2017			
11041	2017	2017	2	1	Actor/Quest/LQ11041			111041	2017			
11042	2017	2017	2	1	Actor/Quest/LQ11042			111042	2017			
11043	2017	2017	2	1	Actor/Quest/LQ11043			111043	2017			
11044	2017	2017	2	1	Actor/Quest/LQ11044			111044	2017			
11045	2017	2017	2	1	Actor/Quest/LQ11045			111045	2017			
11110	2018	11110	2	1	Actor/Quest/LQ11110			111110	2018			
11111	2018	11110	2	1	Actor/Quest/LQ11111			111111	2018			
11112	2018	11110	2	1	Actor/Quest/LQ11112			111112	2018			
11113	2018	11110	2	1	Actor/Quest/LQ11113			111113	2018			
11114	8005	11110	2		Actor/Quest/LQ11114				2018			
11120	2015	1112	2	1	Actor/Quest/LQ11120			111120	2020			
11121	2015	1112	2	1	Actor/Quest/LQ11121			111121	2020			
11122	2015	1112	2	1	Actor/Quest/LQ11122			111122	2020			
11123	2015	1112	2	1	Actor/Quest/LQ11123			111123	2020			
11124	8006	1112	2		Actor/Quest/LQ11124				2020			
11200	2030		2	1	Actor/Quest/LQ11200			111200	2015			
11201	2030		2	1	Actor/Quest/LQ11201			111201	2015			
11202	2030		2	1	Actor/Quest/LQ11202			111202	2015			
12004	2021	2022	2	1	Actor/Quest/LQ12004			112004	2022			
12005	2021	2022	2	1	Actor/Quest/LQ12005			112005	2022			
12006	2021	2022	2	1	Actor/Quest/LQ12006			112006	2022			
12007	2021	2022	2	1	Actor/Quest/LQ12007			112007	2022			
12008	2021	2022	2	1	Actor/Quest/LQ12008			112008	2022			
12009	2024	2026	2	1	Actor/Quest/LQ12009			112009	2026			
12010	2020	1201	2	1	Actor/Quest/LQ12010			112010	2021			
12011	2020	1201	2	1	Actor/Quest/LQ12011			112011	2021			
12012	2020	1201	2	1	Actor/Quest/LQ12012			112012	2021			
12013	2020	1201	2	1	Actor/Quest/LQ12013			112013	2021			
12014	8007	1201	2		Actor/Quest/LQ12014				2021			
12015	2025	2023	2	1	Actor/Quest/LQ12015			112015	2023			
12016	2025	2023	2	1	Actor/Quest/LQ12016			112016	2023			
12017	2025	2023	2	1	Actor/Quest/LQ12017			112017	2023			
12018	2025	2023	2	1	Actor/Quest/LQ12018			112018	2023			
12019	8008	2023	2	1	Actor/Quest/LQ12019				2023			
12020	2022	2024	2	1	Actor/Quest/LQ12020			112020	2024			
12021	2022	2024	2	1	Actor/Quest/LQ12021			112021	2024			
12022	2022	2024	2	1	Actor/Quest/LQ12022			112022	2024			
12023	2022	2024	2	1	Actor/Quest/LQ12023			112023	2024			
12024	2022	2024	2	1	Actor/Quest/LQ12024			112024	2024			
12025	2024	2026	2	1	Actor/Quest/LQ12025			112025	2026			
12026	2024	2026	2	1	Actor/Quest/LQ12026			112026	2026			
12027	8009		2		Actor/Quest/LQ12027							
12028	2023	2025	2	1	Actor/Quest/LQ12028			112028	2025			
12029	2023	2025	2	1	Actor/Quest/LQ12029			112029	2025			
12030	2023	2025	2	1	Actor/Quest/LQ12030			112030	2025			
12031	2023	2025	2	1	Actor/Quest/LQ12031			112031	2025			
12032	2026	2027	2	1	Actor/Quest/LQ12032				2027			
12033	2027	2028	2	1	Actor/Quest/LQ12033			112033	2028			
12034	2027	2028	2	1	Actor/Quest/LQ12034			112034	2028			
12035	2027	2028	2	1	Actor/Quest/LQ12035			112035	2028			
12036	2027	2028	2	1	Actor/Quest/LQ12036							
12037	2029	2031	2	1	Actor/Quest/LQ12037			112037	2031			
12038	2029	2031	2	1	Actor/Quest/LQ12038			112038	2031			
12039	2029	2031	2	1	Actor/Quest/LQ12039			112039	2031			
12040	2026	2027	2	1	Actor/Quest/LQ12040			112040	2027			
12041	2026	2027	2	1	Actor/Quest/LQ12041			112041	2027			
12042	2026	2027	2	1	Actor/Quest/LQ12042			112042	2027			
12043	2029	2031	2	1	Actor/Quest/LQ12043							
18000	5001		7	1	Actor/Quest/WQ18000			118000	1105			
19001	3001	101401	2	1	Actor/Quest/LQ19001				101401			
19002	3001	101401	2	1	Actor/Quest/LQ19002				101401			
19003	3001	101401	2	1	Actor/Quest/LQ19003				101401			
19004	3001	101401	2	1	Actor/Quest/LQ19004				101401			
19005	3001	101401	2	1	Actor/Quest/LQ19005				101401			
19006	3001	101401	2	1	Actor/Quest/LQ19006				101401			
19007	3001	101401	2	1	Actor/Quest/LQ19007				101401			
19008	3001	101401	2	1	Actor/Quest/LQ19008				101401			
19009	3001	101401	2	1	Actor/Quest/LQ19009				101401			
19010	3009	105301	2	1	Actor/Quest/LQ19010				105301			
19012	3009	105301	2	1	Actor/Quest/LQ19012				105301			
19013	3009	105301	2	1	Actor/Quest/LQ19013				105301			
19014	3009	105301	2	1	Actor/Quest/LQ19014				105301			
19015	3009	105301	2	1	Actor/Quest/LQ19015				105301			
19016	3009	105301	2	1	Actor/Quest/LQ19016				105301			
19017	3011	106401	2	1	Actor/Quest/LQ19017				106401			
19018	3010	105501	2	1	Actor/Quest/LQ19018				105501			
19019	3010	105501	2	1	Actor/Quest/LQ19019				105501			
19020	3010	105501	2	1	Actor/Quest/LQ19020				105501			
19021	3003	103601	2	1	Actor/Quest/LQ19021				103601			
19022	3003	103601	2	1	Actor/Quest/LQ19022				103601			
19023	3003	103601	2	1	Actor/Quest/LQ19023				103601			
19024	3003	103601	2	1	Actor/Quest/LQ19024				103601			
19025	3003	103601	2	1	Actor/Quest/LQ19025				103601			
19026	3010	105501	2	1	Actor/Quest/LQ19026				105501			
19027	3010	105501	2	1	Actor/Quest/LQ19027				105501			
19028	3010	105501	2	1	Actor/Quest/LQ19028				105501			
19029	8001		2	1	Actor/Quest/LQ19029		1					
19030	3003	103601	2	1	Actor/Quest/LQ19030				103601			
19031	3003	103601	2	1	Actor/Quest/LQ19031				103601			
19032	3003	103601	2	1	Actor/Quest/LQ19032				103601			
19033	3003	103601	2	1	Actor/Quest/LQ19033				103601			
19034	3003	103601	2	1	Actor/Quest/LQ19034				103601			
19035	3003	103601	2	1	Actor/Quest/LQ19035				103601			
19036	3014	105901	2	1	Actor/Quest/LQ19036				105901			
19037	3011	106401	2	1	Actor/Quest/LQ19037				106401			
19038	3011	106401	2	1	Actor/Quest/LQ19038				106401			
19039	3014	105901	2	1	Actor/Quest/LQ19039				105901			
19040	3011	106401	2	1	Actor/Quest/LQ19040				106401			
19041	3004	103201	2	1	Actor/Quest/LQ19041				103201			
19042	3004	103201	2	1	Actor/Quest/LQ19042				103201			
19043	3004	103201	2	1	Actor/Quest/LQ19043				103201			
19044	3004	103201	2	1	Actor/Quest/LQ19044				103201			
19045	3004	103201	2	1	Actor/Quest/LQ19045				103201			
19046	3004		2	1	Actor/Quest/LQ19046		1					
19047	3011	106401	2	1	Actor/Quest/LQ19047				106401			
19048	3011	106401	2	1	Actor/Quest/LQ19048				106401			
19049	3014		2	1	Actor/Quest/LQ19049			119049				
19050	3007	102401	2	1	Actor/Quest/LQ19050				102401			
19051	3007	102401	2	1	Actor/Quest/LQ19051				102401			
19052	3007	102401	2	1	Actor/Quest/LQ19052				102401			
19053	3007	102401	2	1	Actor/Quest/LQ19053				102401			
19054	3007	102401	2	1	Actor/Quest/LQ19054				102401			
19055	3014	105901	2	1	Actor/Quest/LQ19055				105901			
19056	3014	105901	2	1	Actor/Quest/LQ19056				105901			
19057	3014	105901	2	1	Actor/Quest/LQ19057				105901			
19060	3014	105901	2	1	Actor/Quest/LQ19060				105901			
19061	3002	103401	2	1	Actor/Quest/LQ19061				103401			
19062	3002	103401	2	1	Actor/Quest/LQ19062				103401			
19063	3002	103401	2	1	Actor/Quest/LQ19063				103401			
19064	3002	103401	2	1	Actor/Quest/LQ19064				103401			
19065	3002	103401	2	1	Actor/Quest/LQ19065				103401			
19066	3002	103401	2	1	Actor/Quest/LQ19066				103401			
19067	3002	103401	2	1	Actor/Quest/LQ19067				103401			
19068	3002	103401	2	1	Actor/Quest/LQ19068				103401			
19069	3002	103401	2	1	Actor/Quest/LQ19069				103401			
19070	3002		2	1	Actor/Quest/LQ19070							
19081	3005	103402	2	1	Actor/Quest/LQ19081				103402			
19082	3005	103402	2	1	Actor/Quest/LQ19082				103402			
19083	3005	103402	2	1	Actor/Quest/LQ19083				103402			
19084	3005	103402	2	1	Actor/Quest/LQ19084				103402			
19085	3005	103402	2	1	Actor/Quest/LQ19085				103402			
19086	3005	103402	2	1	Actor/Quest/LQ19086				103402			
19087	3005	103402	2	1	Actor/Quest/LQ19087				103402			
19088	8001		2	1	Actor/Quest/LQ19088							
19089	8001		2	1	Actor/Quest/LQ19089							
19090	3005	103402	2	1	Actor/Quest/LQ19090				103402			
19091	3005	103402	2	1	Actor/Quest/LQ19091				103402			
19092	3005	103402	2	1	Actor/Quest/LQ19092				103402			
19101	3006	103901	2	1	Actor/Quest/LQ19101				103901			
19102	3006	103901	2	1	Actor/Quest/LQ19102				103901			
19103	3006	103901	2	1	Actor/Quest/LQ19103				103901			
19104	3006	103901	2	1	Actor/Quest/LQ19104				103901			
19105	3006	103901	2	1	Actor/Quest/LQ19105				103901			
19106	3006	103901	2	1	Actor/Quest/LQ19106				103901			
19107	3006	103901	2	1	Actor/Quest/LQ19107				103901			
19111	3008	105001	2	1	Actor/Quest/LQ19111				105001			
19112	3008	105001	2	1	Actor/Quest/LQ19112				105001			
19113	3008	105001	2	1	Actor/Quest/LQ19113				105001			
19114	3008	105001	2	1	Actor/Quest/LQ19114				105001			
19115	3008	105001	2	1	Actor/Quest/LQ19115				105001			
19116	3008	105001	2	1	Actor/Quest/LQ19116				105001			
19117	3008	105001	2	1	Actor/Quest/LQ19117				105001			
19118	3008	105001	2	1	Actor/Quest/LQ19118				105001			
19119	3008	105001	2	1	Actor/Quest/LQ19119				105001			
19121	3008	105001	2	1	Actor/Quest/LQ19121				105001			
19131	3012	102701	2	1	Actor/Quest/LQ19131				102701			
19132	3012	102701	2	1	Actor/Quest/LQ19132				102701			
19133	3012	102701	2	1	Actor/Quest/LQ19133				102701			
19134	3012	102701	2	1	Actor/Quest/LQ19134				102701			
19135	3012	102701	2	1	Actor/Quest/LQ19135				102701			
19136	3012	102701	2	1	Actor/Quest/LQ19136				102701			
19137	3012	102701	2	1	Actor/Quest/LQ19137				102701			
19138	3012	102701	2	1	Actor/Quest/LQ19138				102701			
19141	3013	106501	2	1	Actor/Quest/LQ19141				106501			
19142	3013	106501	2	1	Actor/Quest/LQ19142				106501			
19143	3013	106501	2	1	Actor/Quest/LQ19143				106501			
19144	3013	106501	2	1	Actor/Quest/LQ19144				106501			
19145	3013	106501	2	1	Actor/Quest/LQ19145				106501			
19146	3013	106501	2	1	Actor/Quest/LQ19146				106501			
19147	3013	106501	2	1	Actor/Quest/LQ19147				106501			
19148	3013	106501	2	1	Actor/Quest/LQ19148				106501			
20003			5		Actor/Quest/IQ20003		1			29400		
20004			5		Actor/Quest/IQ20004		1	501003		29500		
20014			5		Actor/Quest/IQ20014		1			40010		
20020			5		Actor/Quest/IQ20020		1	501004		40020		
20021			5		Actor/Quest/IQ20021		1			40030		
20029			5		Actor/Quest/IQ20029		1			29900		
20033			5		Actor/Quest/IQ20033		1			40040		
20034			5		Actor/Quest/IQ20034		1			40050		
20046			5		Actor/Quest/IQ20046		1			40041		
20052			5		Actor/Quest/IQ20052		1			40042		
20067			5		Actor/Quest/IQ20067		1			40031		
20068			5		Actor/Quest/IQ20068		1			23100		
20069			5		Actor/Quest/IQ20069		1			28900		
20070			5		Actor/Quest/IQ20070		1			29000		
20071			5		Actor/Quest/IQ20071		1			29001		
20072			5		Actor/Quest/IQ20072		1			29002		
20073			5		Actor/Quest/IQ20073		1			29100		
20104			5		Actor/Quest/IQ20104		1			24200		
20511			5		Actor/Quest/IQ20511		1			24700		
20512			5		Actor/Quest/IQ20512		1			24701		
20513			5		Actor/Quest/IQ20513		1			24702		
20514			5		Actor/Quest/IQ20514		1			24800		
20515			5		Actor/Quest/IQ20515		1			24801		
20516			5		Actor/Quest/IQ20516		1			24802		
20517			5		Actor/Quest/IQ20517		1	0,500140		24900		
20518			5		Actor/Quest/IQ20518		1			24100		
20519			5		Actor/Quest/IQ20519		1			24101		
20520			5		Actor/Quest/IQ20520		1			28800		
20521			5		Actor/Quest/IQ20521		1			29200		
20600			5		Actor/Quest/IQ20600		1	500138		23600		
20601			7	1	Actor/Quest/WQ20601			120601				
20602			7	1	Actor/Quest/WQ20602			120602				
20603			7	1	Actor/Quest/WQ20603			120603				
20700			5		Actor/Quest/IQ20700		1	500126,500127,500128,500129,500130,500131		24300		
20701			5		Actor/Quest/IQ20701		1	500132,500133,500134		24000		
20702			5		Actor/Quest/IQ20702		1	500135,500136,500137		24500		
20703			5		Actor/Quest/IQ20703		1	500143		24600		
20704			7		Actor/Quest/WQ20704		1			27700		
20740			7	1	Actor/Quest/WQ20740			120740				
20741			7	1	Actor/Quest/WQ20741			120741				
20742			7	1	Actor/Quest/WQ20742							
20743			7	1	Actor/Quest/WQ20743			120743				
20744			7		Actor/Quest/WQ20744							
21000			5		Actor/Quest/IQ21000		1			29300		
21026			5		Actor/Quest/IQ21026		1			29600		
21027			5		Actor/Quest/IQ21027		1			29700		
21028			5		Actor/Quest/IQ21028		1			29800		
21029			5		Actor/Quest/IQ21029		1			29801		
21030			5		Actor/Quest/IQ21030		1			29802		
21031			5		Actor/Quest/IQ21031		1			40060		
22009			5		Actor/Quest/IQ22009		1			26900		
22010			5		Actor/Quest/IQ22010		1			41010		
22011			5		Actor/Quest/IQ22011		1			41040		
22012			5	1	Actor/Quest/IQ22012		1			41060		
22013			5		Actor/Quest/IQ22013		1			41020		
22014			5		Actor/Quest/IQ22014		1			41130		
22015			5		Actor/Quest/IQ22015		1			41070		
22016			7		Actor/Quest/WQ22016			122016				
22017			5		Actor/Quest/IQ22017		1			41030		
22018			5		Actor/Quest/IQ22018		1			41080		
22019			5		Actor/Quest/IQ22019		1			41090		
22020			5		Actor/Quest/IQ22020		1			41100		
22021			5		Actor/Quest/IQ22021		1			41220		
22022			5		Actor/Quest/IQ22022		1			41200		
22023			5		Actor/Quest/IQ22023		1	500150		41160		
22025			5		Actor/Quest/IQ22025		1	500153		41170		
22026			5		Actor/Quest/IQ22026		1	500154		41210		
22027			5		Actor/Quest/IQ22027		1			41110		
22028			5		Actor/Quest/IQ22028		1			41120		
22029			5		Actor/Quest/IQ22029		1			41140		
22030			5		Actor/Quest/IQ22030		1			41230		
22031			5		Actor/Quest/IQ22031		1			41150		
22032			5		Actor/Quest/IQ22032		1	500151		41161		
22033			5		Actor/Quest/IQ22033		1	500152		41162		
22034			5		Actor/Quest/IQ22034		1			41180		
22035			5		Actor/Quest/IQ22035		1			41190		
22036			5		Actor/Quest/IQ22036		1			41250		
22037			5		Actor/Quest/IQ22037		1			41260		
22038			5		Actor/Quest/IQ22038		1			41240		
22039			5		Actor/Quest/IQ22039		1			41270		
22040			5		Actor/Quest/IQ22040		1			41271		
22041			5		Actor/Quest/IQ22041		1			41290		
22042			5		Actor/Quest/IQ22042		1			41280		
22043			5		Actor/Quest/IQ22043		1			41300		
22044			5		Actor/Quest/IQ22044		1			41310		
22045			5		Actor/Quest/IQ22045		1			41320		
22046			5		Actor/Quest/IQ22046		1			41330		
22047			5		Actor/Quest/IQ22047		1			41350		
22048			5		Actor/Quest/IQ22048		1			41331		
22049			5		Actor/Quest/IQ22049		1			41340		
22050			7	1	Actor/Quest/WQ22050			122050				
22114			5				1	122114		28000		
22200			5		Actor/Quest/IQ22200		1	500141,500142		27500		
22500			5		Actor/Quest/IQ22500		1	500144		28400		
22501			5		Actor/Quest/IQ22501		1			28700		
22701			5		Actor/Quest/IQ22701		1	500145		28500		
31001			7	1								
40000			7	1	Actor/Quest/EQ40000							
40010	4005	10027	3	1	Actor/Quest/EQ40010			140010	10027		1600	
40011	4005	10028	3	1	Actor/Quest/EQ40011			140011	10028		1600	
40012	4005	10029	3	1	Actor/Quest/EQ40012			140012	10029		1600	
40013	4005	10030	3	1	Actor/Quest/EQ40013			140013	10030		1600	
40014	4012	10042	3	1	Actor/Quest/EQ40014			140014	10042		2101	
40015	4012	10042	3	1	Actor/Quest/EQ40015			140015	10043		2101	
40016	4005	10031	3	1	Actor/Quest/EQ40016						1600	
40017	4005	10032	3	1	Actor/Quest/EQ40017						1600	
40018	4005	10033	3	1	Actor/Quest/EQ40018						1600	
40019	4005	10034	3	1	Actor/Quest/EQ40019						1600	
40020	4006		3	1	Actor/Quest/EQ40020			140020	10038		2201	
40021	4006		3	1	Actor/Quest/EQ40021			140021	10039		2201	
40022	4006		3	1	Actor/Quest/EQ40022			140022	10040		2201	
40023	4006		3	1	Actor/Quest/EQ40023			140023	10041		2201	
40024		10042	3	1				140024			2101	
40025	4007	10045	3	1	Actor/Quest/EQ40025			140025	10045		2301	
40026	4007	10045	3	1	Actor/Quest/EQ40026			140026	10045		2301	
40027	4007	10046	3	1	Actor/Quest/EQ40027			140027	10046		2301	
40028	4007	10046	3	1	Actor/Quest/EQ40028			140028	10046		2301	
40029	4007	10047	3	1	Actor/Quest/EQ40029			140029	10047		2301	
40030			7	1	Actor/Quest/WQ40030			140030			2302	
40031			7	1	Actor/Quest/WQ40031			140031			2302	
40032			7	1	Actor/Quest/WQ40032						2302	
40033			7	1	Actor/Quest/WQ40033						2302	
40034			7		Actor/Quest/WQ40034			140034			2302	
40035	4008	40035	3	1	Actor/Quest/EQ40035			140035	10052		2402	
40036	4008		3	1	Actor/Quest/EQ40036			140036	10053		2402	
40037	4008		3	1	Actor/Quest/EQ40037			140037	10054		2402	
40038	4008	40035	3		Actor/Quest/EQ40038							
40039	4008		3	1	Actor/Quest/EQ40039			140039	10056		2402	
40040	4008		3	1	Actor/Quest/EQ40040			140040	10057		2402	
40041	4008		3	1	Actor/Quest/EQ40041			140041			2402	
40042	4006		3	1	Actor/Quest/EQ40042			140042			2201	
40043	4007		3	1								
40044	4007		3	1				140044			2301	
40045	4007		3	1	Actor/Quest/EQ40045							
40046	4007		3	1	Actor/Quest/EQ40046							
40047	4010	10050	3	1	Actor/Quest/EQ40047			140047	10050		2501	
40048	4010	10050	3	1	Actor/Quest/EQ40048			140048	10050		2501	
40049	4010	10050	3	1	Actor/Quest/EQ40049			140049	10050		2501	
40050	4010	10050	3	1	Actor/Quest/EQ40050			140050	10050		2501	
40051	4010	10050	3	1	Actor/Quest/EQ40051			140051	10050		2501	
40052			3		Actor/Quest/EQ40052						2100	
40053			3		Actor/Quest/EQ40053						2401	
40054	4011	10065	3	1	Actor/Quest/EQ40054			140054	10065		2600	
40055	4011	10065	3	1	Actor/Quest/EQ40055			140055	10065		2600	
40056	4011	10066	3	1	Actor/Quest/EQ40056			140056	10066		2600	
40057	4011	10067	3	1	Actor/Quest/EQ40057			140057	10067		2600	
40058	4011	10068	3	1	Actor/Quest/EQ40058			140058	10068		2600	
40059	4011	10068	3	1	Actor/Quest/EQ40059			140059	10068		2600	
40060			7		Actor/Quest/EQ40060						2501	
40061			7		Actor/Quest/EQ40061						2501	
40062	4010		3	1	Actor/Quest/EQ40062			140062			2501	
40063	4011		3	1	Actor/Quest/EQ40063						2600	
40064	4013	10088	3	1	Actor/Quest/EQ40064			140064	10088		2801	
40065	4013	10089	3	1	Actor/Quest/EQ40065			140065	10089		2801	2850973778349534
40066	4013	10089	3	1	Actor/Quest/EQ40066			140066	10089		2801	
40067	4013	10089	3	1	Actor/Quest/EQ40067			140067	10089		2801	5623150388305012
40068	4013	10090	3	1	Actor/Quest/EQ40068			140068	10090		2801	
40069	4013	10090	3	1	Actor/Quest/EQ40069			140069	10090		2801	
40070	4013	10090	3	1	Actor/Quest/EQ40070			140070	10090		2801	3865005622692177
40071	4013	10091	3	1	Actor/Quest/EQ40071			140071	10091		2801	
40072	4013	10091	3	1	Actor/Quest/EQ40072			140072	10091		2801	
40073	4013	10091	3	1	Actor/Quest/EQ40073			140073	10091		2801	2376853844266094
40074	4013	10092	3	1	Actor/Quest/EQ40074			140074	10092		2801	
40075	4013	10092	3	1	Actor/Quest/EQ40075			140075	10092		2801	
40076	4013	10092	3	1	Actor/Quest/EQ40076			140076	10092		2801	2320676109514370
40077	4013	10093	3	1	Actor/Quest/EQ40077			140077	10093		2801	
41001			3	1								
41111	4001	10006	3	1	Actor/Quest/EQ41111			141111	10006		1100	
41112	4001	10007	3	1	Actor/Quest/EQ41112			141112	10007		1100	
41113	4001	10008	3	1	Actor/Quest/EQ41113			141113	10008		1100	
41114	4001	10009	3	1	Actor/Quest/EQ41114			141114	10009		1100	
41115			3	1	Actor/Quest/EQ41115							
41120			7	1	Actor/Quest/WQ41120			141120			1100	
41121			3	1	Actor/Quest/EQ41121			3001011			9	
41122			7	1	Actor/Quest/WQ41122			141122			1100	
41123			7	1	Actor/Quest/WQ41123			141123			1100	
41124			7	1	Actor/Quest/WQ41124			141124			1100	
41125			5		Actor/Quest/IQ41125		1			28600		
41126			7	1	Actor/Quest/WQ41126			141126			1100	
41127			7	1	Actor/Quest/WQ41127			141127			1100	
41130			7	1	Actor/Quest/WQ41130			141130			1100	
41131			7	1	Actor/Quest/WQ41131			141131			1100	
41135			7	1	Actor/Quest/WQ41135			141135			1100	
41141			3	1	Actor/Quest/EQ41141			3001012			9	
41142			3	1	Actor/Quest/EQ41142			3001013			9	
41143			3	1	Actor/Quest/EQ41143			3001021			9	
41144			3	1	Actor/Quest/EQ41144			3001022			9	
41145			3	1	Actor/Quest/EQ41145			3001023			9	
41146			3	1	Actor/Quest/EQ41146			3001031			9	
41147			3	1	Actor/Quest/EQ41147			3001032			9	
41148			3	1	Actor/Quest/EQ41148			3001033			9	
41149			3	1	Actor/Quest/EQ41149			3001041			9	
41150			3	1	Actor/Quest/EQ41150			3001042			9	
41151			3	1	Actor/Quest/EQ41151			3001043			9	
41152			3	1	Actor/Quest/EQ41152			3001051			9	
41153			3	1	Actor/Quest/EQ41153			3001052			9	
41154			3	1	Actor/Quest/EQ41154			3001053			9	
41155			3	1	Actor/Quest/EQ41155			3001061			9	
41156			3	1	Actor/Quest/EQ41156			3001062			9	
41157			3	1	Actor/Quest/EQ41157			3001063			9	
41158			3	1	Actor/Quest/EQ41158			3001071			9	
41159			3	1	Actor/Quest/EQ41159			3001072			9	
41160			3	1	Actor/Quest/EQ41160			3001073			9	
41170			7	1	Actor/Quest/WQ41170			141170			10	
41210	4002	10010	3	1	Actor/Quest/EQ41210			141210	10010		1200	
41211	4002	10011	3	1	Actor/Quest/EQ41211			141211	10011		1200	
41212	4002	10012	3	1	Actor/Quest/EQ41212			141212	10012		1200	
41213	4002	10013	3	1	Actor/Quest/EQ41213			141213	10013		1200	
41214	4002	10014	3	1	Actor/Quest/EQ41214			141214	10014		1200	
41215	4002		3	1				141215			1200	
41311	4003	10018	3	1	Actor/Quest/EQ41311			141311	10018		1302	
41312	4003	10018	3	1	Actor/Quest/EQ41312			141312	10019		1302	
41313	4003	10018	3	1	Actor/Quest/EQ41313			141313	10020		1302	
41316	4003		3	1	Actor/Quest/EQ41316			141316			1302	
41317	4003		3	1	Actor/Quest/EQ41317			141317			1302	
41331			7		Actor/Quest/WQ41331			141331			1302	
41332			7		Actor/Quest/WQ41332			141332			1302	
41333			7		Actor/Quest/WQ41333			141333			1302	
41334			7		Actor/Quest/WQ41334			141334			1302	
41335			7		Actor/Quest/WQ41335			141335			1302	
41336			7		Actor/Quest/WQ41336			141336			1302	
41337			7		Actor/Quest/WQ41337			141337			1302	
41338			7		Actor/Quest/WQ41338			141338			1302	
41340			7		Actor/Quest/WQ41340			141340			1302	
41341			7		Actor/Quest/WQ41341			141341			1302	
41342			7		Actor/Quest/WQ41342			141342			1302	
41343			7		Actor/Quest/WQ41343			141343			1302	
41357			7		Actor/Quest/WQ41357			141357	10015		1302	
41358			7		Actor/Quest/WQ41358			141358	10016		1302	
41359			7		Actor/Quest/WQ41359			141359	10017		1302	
41401			7	1	Actor/Quest/WQ41401			141401			1300	
41402			7	1	Actor/Quest/WQ41402			141402				
41410	4004	10021	3	1	Actor/Quest/EQ41410			141410	10021		1400	
41411	4004	10021	3	1	Actor/Quest/EQ41411			141411	10022		1400	
41412	4004	10021	3	1	Actor/Quest/EQ41412			141412	10023		1400	
41413	4004	10021	3	1	Actor/Quest/EQ41413			141413	10024		1400	
41414	4004	10021	3	1	Actor/Quest/EQ41414						1400	
41415	4004	10021	3	1	Actor/Quest/EQ41415						1400	
41421			7	1	Actor/Quest/WQ41421			141421			1403	
41422			7		Actor/Quest/WQ41422			141422			1403	
70000			7		Actor/Quest/WQ70000			170000			1400	
70001			7		Actor/Quest/WQ70001			170001			1400	
70003			7		Actor/Quest/WQ70003			170003			1400	
70006			7		Actor/Quest/WQ70006			170006			1505	
70007			7		Actor/Quest/WQ70007			170007			1400	
70008			7		Actor/Quest/WQ70008			170008			1400	
70009			7		Actor/Quest/WQ70009			170009			1400	
70010			7		Actor/Quest/WQ70010			170010			1400	
70011			7		Actor/Quest/WQ70011			170011			1505	
70012			7		Actor/Quest/WQ70012			170012			1505	
70013			7		Actor/Quest/WQ70013			170013			1505	
70014			7		Actor/Quest/WQ70014			170014			1505	
70015			7		Actor/Quest/WQ70015			170015			1505	
70016			7		Actor/Quest/WQ70016			170016			1505	
70017			7		Actor/Quest/WQ70017			170017			1505	
70018			7		Actor/Quest/WQ70018			170018			1505	
70019			7		Actor/Quest/WQ70019			170019			1505	
70020			7		Actor/Quest/WQ70020			170020			1505	
70021			7		Actor/Quest/WQ70021			170021			1505	
70022			7		Actor/Quest/WQ70022			170022			1505	
70023			7		Actor/Quest/WQ70023			170023			1505	
70024			7		Actor/Quest/WQ70024			170024			1505	
70025			7		Actor/Quest/WQ70025			170025			1505	
70026			7	1	Actor/Quest/WQ70026			170026			2203	
70027			7		Actor/Quest/WQ70027			170027			2203	
70028			7		Actor/Quest/WQ70028			170028			2203	
70029			7		Actor/Quest/WQ70029			170029			2203	
70030			7	1	Actor/Quest/WQ70030			170030			2202	
70031			7	1	Actor/Quest/WQ70031							
70032			7	1	Actor/Quest/WQ70032						2202	
70033			7	1	Actor/Quest/WQ70033						2202	
70034			7	1	Actor/Quest/WQ70034						2202	
70035			7	1	Actor/Quest/WQ70035						2202	
70036			7	1	Actor/Quest/WQ70036						2202	
70037			7	1	Actor/Quest/WQ70037						2202	
70038			7	1	Actor/Quest/WQ70038						2202	
70039			7	1	Actor/Quest/WQ70039							
70101			7		Actor/Quest/WQ70101							
70102			7		Actor/Quest/WQ70102			170102				
70103			7		Actor/Quest/WQ70103							
70104			7		Actor/Quest/WQ70104			170104				
70106			7		Actor/Quest/WQ70106			170106				
70107			7		Actor/Quest/WQ70107			170107				
70108			7		Actor/Quest/WQ70108			170108				
70109			7		Actor/Quest/WQ70109							
70110			7		Actor/Quest/WQ70110							
70121			7		Actor/Quest/WQ70121			170121				
70123			7		Actor/Quest/WQ70123			170124				
70124			7		Actor/Quest/WQ70124							
70125			7		Actor/Quest/WQ70125							
70126			7		Actor/Quest/WQ70126							
70127			7		Actor/Quest/WQ70127							
70128			7					170128				
70141			7		Actor/Quest/WQ70141			170141				
70142			7		Actor/Quest/WQ70142							
70143			7		Actor/Quest/WQ70143			170143				
70144			7		Actor/Quest/WQ70144							
70145			7		Actor/Quest/WQ70145							
70500			7	1	Actor/Quest/WQ70500			170500			2101	
70501			7	1	Actor/Quest/WQ70501			170501			2101	
70502	4009		7	1	Actor/Quest/WQ70502			170502			2502	
70503	4009		7	1	Actor/Quest/WQ70503			170503			2502	
70504	4009		7	1	Actor/Quest/WQ70504			170504			2502	
70505	4009		7	1	Actor/Quest/WQ70505			170505			2502	
70506	4009		7	1	Actor/Quest/WQ70506			170506			2502	
70507	4009		7	1	Actor/Quest/WQ70507			170507			2502	
70508	4009		7	1	Actor/Quest/WQ70508			170508			2502	
70509	4009		7	1	Actor/Quest/WQ70509			170509			2502	
70510	4009		7	1	Actor/Quest/WQ70510			170510			2502	
70511			7	1								
70512	4014		7	1	Actor/Quest/WQ70512			170512			1402	
70513	4014		7	1	Actor/Quest/WQ70513			170513			1402	
70514			7	1	Actor/Quest/WQ70514			170514			2802	
70515			7	1	Actor/Quest/WQ70515			170515			2802	
70516	4014		7		Actor/Quest/WQ70516							
70517			7	1	Actor/Quest/WQ70517			170517			2803	
70650			7	1	Actor/Quest/WQ70650			170650				
70651			7	1	Actor/Quest/WQ70651			170651				
70652			7	1	Actor/Quest/WQ70652			170652			1204	
70653			7	1				170653			1301	
70654			7	1	Actor/Quest/WQ70654			170654			1400	
70655			7	1	Actor/Quest/WQ70655			170655			1402	
70656			7	1	Actor/Quest/WQ70656			170656			1400	
70657			7	1	Actor/Quest/WQ70657			170657			1400	
70658			7	1	Actor/Quest/WQ70658			170658			1400	
70659			7		Actor/Quest/WQ70659			170659			1504	
70660			7		Actor/Quest/WQ70660			170660			1504	
70661			7	1	Actor/Quest/WQ70661			170661				
70662			7	1	Actor/Quest/WQ70662			170662				
70700			7	1	Actor/Quest/WQ70700							
70701			7	1	Actor/Quest/WQ70701							
70702			7	1	Actor/Quest/WQ70702							
70703			7	1	Actor/Quest/WQ70703							
70704			7	1	Actor/Quest/WQ70704							
70705			7	1	Actor/Quest/WQ70705							
70706			7	1	Actor/Quest/WQ70706							
70707			7	1	Actor/Quest/WQ70707							
70708			7	1	Actor/Quest/WQ70708							
70709			7	1	Actor/Quest/WQ70709							
70710			7	1	Actor/Quest/WQ70710							
70711			7	1	Actor/Quest/WQ70711							
70712			7	1	Actor/Quest/WQ70712							
70713			7	1	Actor/Quest/WQ70713							
70714			7	1	Actor/Quest/WQ70714							
70800			7		Actor/Quest/WQ70800			170008			1400	
70801			7	1	Actor/Quest/WQ70801			170801				
70802			7		Actor/Quest/WQ70802			170802				
70803			7		Actor/Quest/WQ70803			170803				
70810			7	1	Actor/Quest/WQ70810			170810				
70811			7	1								
70812			7	1	Actor/Quest/WQ70812			170812				
70813			7	1	Actor/Quest/WQ70813			170813				
70814			7	1	Actor/Quest/WQ70814			170814				
70815			7	1	Actor/Quest/WQ70815			170815				
70816			7	1	Actor/Quest/WQ70816			170816				
70821			7	1	Actor/Quest/WQ70821			170821				
70822			7	1	Actor/Quest/WQ70822			170822				
70823			7	1	Actor/Quest/WQ70823			170823				
70824			7	1	Actor/Quest/WQ70824			170824				
70825			7	1	Actor/Quest/WQ70825			170825				
70901			7	1				552001				
70902			7	1				551009				
70903			7	1				551014				
70904			7	1				551015				
70905			7	1				551001				
70906			7	1				551002				
70907			7	1				551003				
70908			7	1				551036				
70909			7	1				551004				
70910			7	1				551005				
70911			7	1				551006				
70912			7	1				551007				
70913			7	1				551008				
70914			7	1				551010				
70915			7	1				551011				
70916			7	1				551012				
70917			7	1				551013				
70918			7	1				551016				
70919			7	1				551017				
70920			7	1				551018				
70921			7	1				551019				
70922			7	1				551020				
70923			7	1				551021				
70924			7	1				551022				
70925			7	1				551023				
70926			7	1				551024				
70927			7	1				551025				
70928			7	1				551026				
70929			7	1				551027				
70930			7	1				551028				
70931			7	1				551029				
70932			7	1				551030				
70933			7	1				551031				
70934			7	1				551032				
70935			7	1				551033				
70936			7	1				551034				
70937			7	1				551035				
70938			7	1				551037				
70939			7	1				551038				
70940			7	1				551039				
70941			7	1				551040				
70942			7	1				551041				
71000			7	1	Actor/Quest/WQ71000				10015			
71003			7	1	Actor/Quest/WQ71003				10015			
71005			7		Actor/Quest/WQ71005			210002,210001,171005				
71006			7		Actor/Quest/WQ71006			171006				
71007			7		Actor/Quest/WQ71007							
71008			7	1	Actor/Quest/WQ71008			171008				
71010			7		Actor/Quest/WQ71010		1					
71011			7	1	Actor/Quest/WQ71011							
71012			7		Actor/Quest/WQ71012			171012				
71013			7		Actor/Quest/WQ71013							
71014			7	1	Actor/Quest/WQ71014			171014				
71015			7	1	Actor/Quest/WQ71015							
71016			7	1	Actor/Quest/WQ71016			171016				
71017			7	1	Actor/Quest/WQ71017							
71018			7	1	Actor/Quest/WQ71018			171018				
71019			7		Actor/Quest/WQ71019							
71020			7	1	Actor/Quest/WQ71020			171020				
71021			7	1	Actor/Quest/WQ71021	60						
71022			7		Actor/Quest/WQ71022			171022				
71023			7	1	Actor/Quest/WQ71023				10015			
71024			7	1	Actor/Quest/WQ71024				10015			
71025			7	1	Actor/Quest/WQ71025				10016			
71026			7	1	Actor/Quest/WQ71026				10016			
71027			7	1	Actor/Quest/WQ71027				10016			
71028			7	1	Actor/Quest/WQ71028				10016			
71029			7	1	Actor/Quest/WQ71029				10017			
71030			7	1	Actor/Quest/WQ71030				10017			
71031			7	1	Actor/Quest/WQ71031							
71032			7	1	Actor/Quest/WQ71032				10017			
71033		71033	7		Actor/Quest/WQ71033			171033			1302	
71034		71033	7		Actor/Quest/WQ71034							
71035		71035	7	1	Actor/Quest/WQ71035							
71036			7		Actor/Quest/WQ71036			171036				
71037			7		Actor/Quest/WQ71037			171037	10051			
71038			7		Actor/Quest/WQ71038			171038				
71039			7		Actor/Quest/WQ71039			171039				
71040			7		Actor/Quest/WQ71040			171040	10051			
71041			7		Actor/Quest/WQ71041			171041	10051			
71042			7		Actor/Quest/WQ71042			171042	10051			
71043			7		Actor/Quest/WQ71043			171043	10051			
71044			7		Actor/Quest/WQ71044			171044	10051			
71045			7		Actor/Quest/WQ71045			171045	10051			
71046			7		Actor/Quest/WQ71046							
71047			7		Actor/Quest/WQ71047							
71048			7	1	Actor/Quest/WQ71048				10051			
71049			7		Actor/Quest/WQ71049				10051			
71050			7		Actor/Quest/WQ71050			171050				
71051			7		Actor/Quest/WQ71051			171051				
71052			7		Actor/Quest/WQ71052			171052				
71053			7		Actor/Quest/WQ71053							
71054			7		Actor/Quest/WQ71054			171054				
71055			7		Actor/Quest/WQ71055			171055				
71056			7		Actor/Quest/WQ71056							
71057			7		Actor/Quest/WQ71057			171057				
71058			7		Actor/Quest/WQ71058			171058				
71059			7		Actor/Quest/WQ71059			171059				
71060			7		Actor/Quest/WQ71060							
71061			7		Actor/Quest/WQ71061			171061				
71062			7		Actor/Quest/WQ71062			171062				
71063			7		Actor/Quest/WQ71063			171063				
71064			7		Actor/Quest/WQ71064			171064				
71065		71035	7		Actor/Quest/WQ71065							
71066			7		Actor/Quest/WQ71066			171066				
71067		71035	7		Actor/Quest/WQ71067							
71068			7		Actor/Quest/WQ71068		1					
71069			7		Actor/Quest/WQ71069							
71070			7		Actor/Quest/WQ71070							
71071			7									
71072			7		Actor/Quest/WQ71072			171072				
71073			7		Actor/Quest/WQ71073							
71074			7		Actor/Quest/WQ71074			171074				
71075			7		Actor/Quest/WQ71075							
71076			7		Actor/Quest/WQ71076							
71077			7		Actor/Quest/WQ71077							
71078			7		Actor/Quest/WQ71078							
71079			7		Actor/Quest/WQ71079							
71080			7		Actor/Quest/WQ71080			171080				
71081			7		Actor/Quest/WQ71081			171081				
71082			7		Actor/Quest/WQ71082							
71083			7		Actor/Quest/WQ71083							
71084			7		Actor/Quest/WQ71084							
71085			7		Actor/Quest/WQ71085			171085				
71086			7		Actor/Quest/WQ71086			171086				
71087			7		Actor/Quest/WQ71087			171087				
71088			7		Actor/Quest/WQ71088							
71089			7		Actor/Quest/WQ71089							
71090			7		Actor/Quest/WQ71090							
71091			7	1	Actor/Quest/WQ71091			171091				
71092			7		Actor/Quest/WQ71092							
71093			7		Actor/Quest/WQ71093							
71094			7		Actor/Quest/WQ71094							
71095			7		Actor/Quest/WQ71095							
71096			7		Actor/Quest/WQ71096			171096				
71097			7		Actor/Quest/WQ71096			171097				
71098			7		Actor/Quest/WQ71098			171098				
71099	8002		7	1	Actor/Quest/WQ71099			171099				
71101			7	1	Actor/Quest/WQ71101			171101				
71500			7	1	Actor/Quest/WQ71500			171500			2101	
71501			7		Actor/Quest/WQ71501						2702	
71502			7		Actor/Quest/WQ71502						2702	
71503			7		Actor/Quest/WQ71503						2702	
71504			7		Actor/Quest/WQ71504						2702	
71505			7		Actor/Quest/WQ71505						2702	
71506			7		Actor/Quest/WQ71506						2702	
71507			7		Actor/Quest/WQ71507						2702	
71508			7		Actor/Quest/WQ71508						2702	
71509			7		Actor/Quest/WQ71509						2702	
71510			7		Actor/Quest/WQ71510						2702	
71650			7	1	Actor/Quest/WQ71650			171650				
71651			7	1				171651			1301	
71652			7		Actor/Quest/WQ71652			171652			1502	
71653			7	1	Actor/Quest/WQ71653			171653			1502	
71654	5002		7		Actor/Quest/WQ71654			171654				
71655			7		Actor/Quest/WQ71655			171655				
71656			7	1				171656			1301	
71657			7	1				171657			1301	
71658	4008		7		Actor/Quest/WQ71658							
71659			7	1	Actor/Quest/WQ71659			171659			2400	
71660			7		Actor/Quest/WQ71660			171660			2400	
71661			7		Actor/Quest/WQ71661							
71662			7	1	Actor/Quest/WQ71662			171662			2503	
71663			7	1	Actor/Quest/WQ71663			171663			2602	
71664			7		Actor/Quest/WQ71664			171664			2601	
71700			7	1	Actor/Quest/WQ71700							
71701			7	1	Actor/Quest/WQ71701							
71702			7	1	Actor/Quest/WQ71702							
71703			7	1	Actor/Quest/WQ71703							
71704			7	1	Actor/Quest/WQ71704							
71705			7	1	Actor/Quest/WQ71705							
71706			7	1	Actor/Quest/WQ71706							
71707			7	1	Actor/Quest/WQ71707							
71708			7	1	Actor/Quest/WQ71708							
71709			7	1	Actor/Quest/WQ71709							
71710			7	1	Actor/Quest/WQ71710							
71711			7	1	Actor/Quest/WQ71711							
71712			7	1	Actor/Quest/WQ71712							
71713			7	1	Actor/Quest/WQ71713							
71714			7	1	Actor/Quest/WQ71714							
71800			7	1	Actor/Quest/WQ71800			171800				
71801	8002		2	1	Actor/Quest/LQ71801							
71802			7	1	Actor/Quest/WQ71802			171802				
71803			7	1	Actor/Quest/WQ71803			171803				
71804			7	1	Actor/Quest/WQ71804			171804				
71805			7	1	Actor/Quest/WQ71805			171805				
71806			7	1	Actor/Quest/WQ71806							
71807			7	1	Actor/Quest/WQ71807			171807				
71808			7	1	Actor/Quest/WQ71808			171808				
71809			7	1	Actor/Quest/WQ71809			171809				
71810			7	1	Actor/Quest/WQ71810			171810				
71811			7	1	Actor/Quest/WQ71811			171811				
71812			7	1	Actor/Quest/WQ71812			171812				
71813			7	1	Actor/Quest/WQ71813			171813				
71814			7	1	Actor/Quest/WQ71814			171814				
71815			7		Actor/Quest/WQ71815			171815			1302	
71816			7		Actor/Quest/WQ71816			171816			1302	
71817			7		Actor/Quest/WQ71817			171817			1302	
71818			7		Actor/Quest/WQ71818			171818			1302	
71819			7		Actor/Quest/WQ71819			171819			1302	
71820			7		Actor/Quest/WQ71820			171820			1302	
71821			7		Actor/Quest/WQ71821			171821			1302	
71822			7		Actor/Quest/WQ71822			171822			1302	
71823			7		Actor/Quest/WQ71823			171823			1302	
71824			7		Actor/Quest/WQ71824			171824			1302	
71825			7					171825			1302	
71826			7					171826			1302	
71827			7					171827			1302	
71828			7					171828			1302	
71829			7	1	Actor/Quest/WQ71829			171829				
71830		71035	7	1	Actor/Quest/WQ71830							
71831		71035	7	1	Actor/Quest/WQ71831			171831				
71832			7	1	Actor/Quest/WQ71832							
71901			7	1				552002				
71902			7	1				552003				
71903			7	1				552005				
71904			7	1				552006				
71905			7	1				552007				
71906			7	1				552008				
71907			7	1				552009				
71909			7	1				552010				
71910			7	1				552011				
71911			7	1				552012				
71912			7	1				552013				
71913			7	1				552016				
71914			7	1				552017				
71915			7	1				552018				
71916			7	1				552019				
71917			7	1				552020				
71918			7	1				552022				
71919			7	1				552023				
71920			7	1				552025				
71921			7	1				552004				
71922			7	1				552024				
71923			7	1				552027				
71924			7	1				552028				
71925			7	1				552029				
71926			7	1				552030				
71927			7	1				552031				
71928			7	1				552032				
71929			7	1				552033				
71930			7	1				552034				
71931			7	1				552035				
71932			7	1				552036				
71933			7	1				552038				
71934			7	1				552039				
71935			7	1				552040				
71936			7	1				552041				
71937			7	1				552042				
71938			7	1				552043				
71939			7	1				552044				
71940			7	1				552045				
71941			7	1				552048				
71942			7	1				552050				
71943			7	1				552051				
71944			7	1				552052				
71945			7	1				552053				
71946			7	1				552055				
71947			7	1				552056				
71948			7	1				552057				
71949			7	1				552058				
71950			7	1				552059				
71951			7	1				552060				
71952			7	1				552026				
71953			7	1				552002				
72002			7	1	Actor/Quest/WQ40030			172002			2302	
72013			7	1	Actor/Quest/WQ72013							
72100		72100	7		Actor/Quest/WQ72100			172100	10025			
72101			7		Actor/Quest/WQ72101							
72102			7		Actor/Quest/WQ72102							
72103			7		Actor/Quest/WQ72103							
72104			7		Actor/Quest/WQ72104							
72105		72100	7	1	Actor/Quest/WQ72105				10025			
72106		72100	7		Actor/Quest/WQ72106			172106	10025			
72107		72100	7		Actor/Quest/WQ72107			172107	10025			
72108		72100	7		Actor/Quest/WQ72108			172108	10025			
72109			7		Actor/Quest/WQ72109			172109				
72110			7		Actor/Quest/WQ72110							
72111		72100	7		Actor/Quest/WQ72111							
72112		72112	7		Actor/Quest/WQ72112							
72113		72112	7		Actor/Quest/WQ72113							
72114			7		Actor/Quest/WQ72114			172114	10036			
72115			7		Actor/Quest/WQ72115			172115	10036			
72116			7		Actor/Quest/WQ72116			172116	10036			
72117			7		Actor/Quest/WQ72117			172117	10036			
72118			7		Actor/Quest/WQ72118			172118	10036			
72119			7		Actor/Quest/WQ72119			172119	10036			
72120			7		Actor/Quest/WQ72120			172120	10036			
72121			7		Actor/Quest/WQ72121			172121				
72122			7		Actor/Quest/WQ72122			172122	10036			
72123			7		Actor/Quest/WQ72123			172123				
72124			7		Actor/Quest/WQ72124			172124				
72125			7		Actor/Quest/WQ72125							
72126			7		Actor/Quest/WQ72126							
72127			7		Actor/Quest/WQ72127							
72128			7		Actor/Quest/WQ72128							
72129			7		Actor/Quest/WQ72129			172129	10037			
72130			7		Actor/Quest/WQ72130			172130	10037			
72131			7		Actor/Quest/WQ72131			172131	10037			
72132			7		Actor/Quest/WQ72132			172132	10037			
72133			7		Actor/Quest/WQ72133			172133	10037			
72134			7		Actor/Quest/WQ72134			172134	10037			
72135			7		Actor/Quest/WQ72135							
72136			7		Actor/Quest/WQ72136							
72137			7		Actor/Quest/WQ72137							
72138			7	1	Actor/Quest/WQ72138			172138				
72139			7	1	Actor/Quest/WQ72139							
72140			7	1	Actor/Quest/WQ72140			172140				
72141			7		Actor/Quest/WQ72141			172141				
72142			7		Actor/Quest/WQ72142							
72143			7		Actor/Quest/WQ72143							
72144			7		Actor/Quest/WQ72144			172144				
72145			7		Actor/Quest/WQ72145			172145	10031			
72146			7		Actor/Quest/WQ72146			172146	10031			
72147			7		Actor/Quest/WQ72147			172147	10031			
72148			7		Actor/Quest/WQ72148			172148	10031			
72149			7		Actor/Quest/WQ72149			172149	10031			
72150			7		Actor/Quest/WQ72150			172150				
72151			7	1	Actor/Quest/WQ72151			172151				
72152			7		Actor/Quest/WQ72152							
72153			7	1	Actor/Quest/WQ72153			172153				
72154			7	1	Actor/Quest/WQ72154			172154				
72155			7	1	Actor/Quest/WQ72155			172155	10032			
72156			7	1	Actor/Quest/WQ72156			172156	10032			
72157			7	1	Actor/Quest/WQ72157			172157	10032			
72158			7	1	Actor/Quest/WQ72158			172158	10032			
72159			7		Actor/Quest/WQ72159							
72160			7	1	Actor/Quest/WQ72160							
72161			7	1	Actor/Quest/WQ72161			172161				
72162			7		Actor/Quest/WQ72162			172162				
72163			7	1	Actor/Quest/WQ72163			172163				
72164			7	1	Actor/Quest/WQ72164			172164				
72165			7		Actor/Quest/WQ72165							
72166		72166	7		Actor/Quest/WQ72166			172166	10044			
72167			7		Actor/Quest/WQ72167			172167	10044			
72168			7		Actor/Quest/WQ72168			172168				
72169			7		Actor/Quest/WQ72169			172169				
72170			7		Actor/Quest/WQ72170			172170				
72171			7		Actor/Quest/WQ72171			172171				
72172		72166	7		Actor/Quest/WQ72172			172172	10044			
72173			7		Actor/Quest/WQ72173			172173	10044			
72174			7		Actor/Quest/WQ72174							
72175			7		Actor/Quest/WQ72175			172175				
72176			7	1	Actor/Quest/WQ72176			172176				
72177			7		Actor/Quest/WQ72177			172177	10055			
72178			7	1	Actor/Quest/WQ72178							
72179			7	1	Actor/Quest/WQ72179							
72180			7		Actor/Quest/WQ72180							
72181			7	1	Actor/Quest/WQ72181							
72182			7		Actor/Quest/WQ72182			172182				
72183			7	1	Actor/Quest/WQ72183			172183				
72184			7	1	Actor/Quest/WQ72184			172184				
72185			7	1	Actor/Quest/WQ72185			172184				
72186			7	1	Actor/Quest/WQ72186							
72187			7	1	Actor/Quest/WQ72187							
72188			7	1	Actor/Quest/WQ72188							
72189			7	1	Actor/Quest/WQ72189							
72190			7		Actor/Quest/WQ72190				10055			
72191			7		Actor/Quest/WQ72191				10055			
72192			7		Actor/Quest/WQ72192				10055			
72193			7	1	Actor/Quest/WQ72193							
72194			7		Actor/Quest/WQ72194							
72195			7		Actor/Quest/WQ72195							
72196			7	1	Actor/Quest/WQ72196			172196				
72197			7	1	Actor/Quest/WQ72197							
72198			7		Actor/Quest/WQ72198							
72199			7		Actor/Quest/WQ72199			172109				
72200			7		Actor/Quest/WQ72200			172105				
72201			7		Actor/Quest/WQ72201							
72202			7		Actor/Quest/WQ72202							
72203			7		Actor/Quest/WQ72203							
72204			7		Actor/Quest/WQ72204							
72205			7		Actor/Quest/WQ72205							
72206			7		Actor/Quest/WQ72206							
72207			7		Actor/Quest/WQ72207							
72208			7		Actor/Quest/WQ72208							
72209			7	1	Actor/Quest/WQ72209			172209				
72210			7	1	Actor/Quest/WQ72210			172210				
72211			7	1	Actor/Quest/WQ72211			172211				
72212			7	1	Actor/Quest/WQ72212			172212				
72213			7	1	Actor/Quest/WQ72213			172213				
72214			7	1	Actor/Quest/WQ72214			172214				
72215			7	1	Actor/Quest/WQ72215			172215				
72216			7	1	Actor/Quest/WQ72216			172216				
72217			7		Actor/Quest/WQ72217			172217				
72218			7		Actor/Quest/WQ72218			172218				
72219			7	1	Actor/Quest/WQ72219							
72220			7	1	Actor/Quest/WQ72220							
72222			7		Actor/Quest/WQ72222							
72223			7	1	Actor/Quest/WQ72223							
72224			7		Actor/Quest/WQ72224							
72225			7		Actor/Quest/WQ72225							
72226			7		Actor/Quest/WQ72226							
72227			7		Actor/Quest/WQ72227							
72228			7		Actor/Quest/WQ72228							
72229			7		Actor/Quest/WQ72229							
72230			7		Actor/Quest/WQ72230							
72231			7	1	Actor/Quest/WQ72231							
72232			7		Actor/Quest/WQ72232			172232				
72233			7		Actor/Quest/WQ72233			172233				
72234			7		Actor/Quest/WQ72234							
72235			7		Actor/Quest/WQ72235			172235				
72236			7		Actor/Quest/WQ72236			172236				
72237			7		Actor/Quest/WQ72237			172237				
72238			7		Actor/Quest/WQ72238			172238				
72239			7		Actor/Quest/WQ72239			172239				
72240			7		Actor/Quest/WQ72240			172240				
72241			7		Actor/Quest/WQ72241			172241	10060			
72242			7		Actor/Quest/WQ72242			172242	10055			
72243			7		Actor/Quest/WQ72243			172243				
72244			7		Actor/Quest/WQ72244			172244				
72245			7		Actor/Quest/WQ72245							
72246			7		Actor/Quest/WQ72246							
72247			7		Actor/Quest/WQ72247				10060			
72248			7		Actor/Quest/WQ72248				10060			
72249			7		Actor/Quest/WQ72249				10060			
72250			7		Actor/Quest/WQ72250							
72251			7		Actor/Quest/WQ72251							
72252			7		Actor/Quest/WQ72252							
72253			7		Actor/Quest/WQ72253							
72254			7		Actor/Quest/WQ72254							
72255			7		Actor/Quest/WQ72255							
72256			7		Actor/Quest/WQ72256							
72257			7		Actor/Quest/WQ72257							
72258			7		Actor/Quest/WQ72258							
72259			7		Actor/Quest/WQ72259							
72260			7		Actor/Quest/WQ72260			172260				
72261			7	1	Actor/Quest/WQ72261			172261			2401	
72262			7	1	Actor/Quest/WQ72262			172262			2401	
72263			7		Actor/Quest/WQ72263			172263	10058			
72264			7	1	Actor/Quest/WQ72264			172264			2401	
72265			7		Actor/Quest/WQ72265			172265	10058			
72266			7		Actor/Quest/WQ72266			172266	10058			
72267			7		Actor/Quest/WQ72267							
72268			7		Actor/Quest/WQ72268				10059			
72269			7		Actor/Quest/WQ72269				10059			
72270			7		Actor/Quest/WQ72270				10059			
72271			7		Actor/Quest/WQ72271			172271				
72272			7		Actor/Quest/WQ72272			172272				
72273			7		Actor/Quest/WQ72273							
72274			7		Actor/Quest/WQ72274							
72275			7		Actor/Quest/WQ72275			172275	10059			
72276			7	1	Actor/Quest/WQ72276			172276			2501	
72277			7		Actor/Quest/WQ72277							
72278	4011		7	1	Actor/Quest/WQ72278			172278			2600	
72279	4011		7	1	Actor/Quest/WQ72279			172279			2600	
72280	4011		7	1	Actor/Quest/WQ72280			172280			2600	
72281	4011		7	1	Actor/Quest/WQ72281			172281			2600	
72282			7		Actor/Quest/WQ72282							
72283			7		Actor/Quest/WQ72283							
72284			7									
72286			7		Actor/Quest/WQ72286			172286	10096			
72287			7		Actor/Quest/WQ72287			172287	10096			
72288			7	1	Actor/Quest/WQ72288							
72500	4015		7	1	Actor/Quest/WQ72500						2202	
72650			7	1	Actor/Quest/WQ72650			172650			1402	
72651			7	1	Actor/Quest/WQ72651			172651			1204	
72652			7	1	Actor/Quest/WQ72652			172652			2001	
72653			7		Actor/Quest/WQ72653			172653			2001	
72654			7		Actor/Quest/WQ72654			172654			2001	
72655			7		Actor/Quest/WQ72655			172655			2001	
72656			7		Actor/Quest/WQ72656						2002	
72657			7	1	Actor/Quest/WQ72657			172657				
72658			7		Actor/Quest/WQ72658						2200	
72659			7	1	Actor/Quest/WQ72659			172659			2103	
72660			7	1	Actor/Quest/WQ72660			172660			2102	
72661			7	1	Actor/Quest/WQ72661			172661			2103	
72662			7	1	Actor/Quest/WQ72662			172662			2103	
72663			7	1	Actor/Quest/WQ72663			172663			2103	
72664			7	1	Actor/Quest/WQ72664							
72665			7	1	Actor/Quest/WQ72665							
72666			7	1	Actor/Quest/WQ72666							
72667			7	1	Actor/Quest/WQ72667			172667			2103	
72668			7	1	Actor/Quest/WQ72668							
72669			7	1	Actor/Quest/WQ72669			172667			2103	
72670		5053	7	1	Actor/Quest/WQ72670			172670			1502	
72671		5053	7	1	Actor/Quest/WQ72671			172671			1502	
72672			7	1	Actor/Quest/WQ72672			172672				
72673			7	1	Actor/Quest/WQ72673			172673				
72674			7	1	Actor/Quest/WQ72674			172674			2401	
72675			7	1	Actor/Quest/WQ72675			172675			2401	
72676			7	1	Actor/Quest/WQ72676			172676			2401	
72677			7	1	Actor/Quest/WQ72677			172677			2401	
72678			7	1	Actor/Quest/WQ72678			172678			2401	
72679			7		Actor/Quest/WQ72679						2401	
72680		5053	7	1	Actor/Quest/WQ72680			172680			1502	
72681		5053	7	1	Actor/Quest/WQ72681			172681			1502	
72682			7	1	Actor/Quest/WQ72682			172682			2102	
72683			7	1	Actor/Quest/WQ72683			172683			2603	
72684	4015		7	1	Actor/Quest/WQ72684			172684			2202	
72685			7	1	Actor/Quest/WQ72685			172685			2600	
72686			7		Actor/Quest/WQ72686			172686			2600	
72687			7		Actor/Quest/WQ72687			172687			2600	
72688			7		Actor/Quest/WQ72688			172688			2600	
72689			7		Actor/Quest/WQ72689			172689			2600	
72690			7		Actor/Quest/WQ72690			172690			2600	
72691			7	1	Actor/Quest/WQ72691			172691			2600	
72692			7	1	Actor/Quest/WQ72692			172692			2600	
72693			7	1	Actor/Quest/WQ72693			172693			2600	
72694			7		Actor/Quest/WQ72694			172694			2703	
72695			7		Actor/Quest/WQ72695			172695			2703	
72696			7		Actor/Quest/WQ72696			172696			2703	
72697			7		Actor/Quest/WQ72697			172697			2703	
72698			7	1	Actor/Quest/WQ72698						2600	
72699			7	1	Actor/Quest/WQ72699						2600	
72701			7	1	Actor/Quest/WQ72701							
72702			7	1	Actor/Quest/WQ72702							
72703			7	1	Actor/Quest/WQ72703		1					
72704			7	1	Actor/Quest/WQ72704		1					
72705			7	1	Actor/Quest/WQ72705							
72706			7	1	Actor/Quest/WQ72706							
72707			7	1	Actor/Quest/WQ72707							
72708			7	1	Actor/Quest/WQ72708							
72709			7	1	Actor/Quest/WQ72700							
72710			7	1	Actor/Quest/WQ72700							
72712			7	1	Actor/Quest/WQ72712							
72713			7	1	Actor/Quest/WQ72713							
72714			7	1	Actor/Quest/WQ72714							
72715			7	1	Actor/Quest/WQ72715							
72716			7	1	Actor/Quest/WQ72716							
72717			7	1	Actor/Quest/WQ72717							
72718			7	1	Actor/Quest/WQ72718							
72719			7	1	Actor/Quest/WQ72719							
72720			7	1	Actor/Quest/WQ72720						2600	
72721			7	1	Actor/Quest/WQ72721						2600	
72722			7		Actor/Quest/WQ72722			172722			2600	
72723			7		Actor/Quest/WQ72722			172723			2600	
72724			7	1							2603	
72725			7		Actor/Quest/WQ72725			172725			2600	
72726			7		Actor/Quest/WQ72726			172726			2703	
72800			7		Actor/Quest/WQ72800			172800				
72801			7	1	Actor/Quest/WQ72801			172801				
72802			7	1	Actor/Quest/WQ72802			172802				
72803			7	1	Actor/Quest/WQ72803			172803				
72804			7	1	Actor/Quest/WQ72804			172804				
72805			7	1	Actor/Quest/WQ72805							
72806			7	1	Actor/Quest/WQ72806			172806				
72807			7	1	Actor/Quest/WQ72807			172807	10061			
72808			7	1				172808				
72809			7	1	Actor/Quest/WQ72809			172809				
72810			7	1	Actor/Quest/WQ72810							
72811			7	1	Actor/Quest/WQ72811							
72812			7	1	Actor/Quest/WQ72812			172812				
72813			7	1	Actor/Quest/WQ72813			172813				
72902			7	1				553001				
72903			7	1				553002				
72904			7	1				553003				
72905			7	1				553004				
72906			7	1				553005				
72907			7	1				553006				
72908			7	1				553007				
72909			7	1				553008				
72910			7	1				553009				
72911			7	1				553011				
72912			7	1				553014				
72913			7	1				553015				
72914			7	1				553016				
72915			7	1				553017				
72916			7	1				553018				
72917			7	1				553019				
72918			7	1				553020				
72919			7	1				553021				
72920			7	1				553022				
72921			7	1				553023				
72922			7	1				553029				
72923			7	1				553024				
72924			7	1				553025				
72925			7	1				553026				
72926			7	1				553030				
72927			7	1				553032				
72928			7	1				553036				
72929			7	1				553034				
72930			7	1				553012				
72932			7	1				553027				
72933			7	1				553010				
72934			7	1				553028				
72935			7	1				553031				
72937			7	1				553037				
72938			7	1				553038				
72939			7	1				553039				
72940			7	1				553040				
72941			7	1				553041				
72942			7	1				553033				
72943			7	1				553035				
72945			7	1				553042				
72946			7	1				553043				
72948			7	1				553044				
79000			7		Actor/Quest/WQ79000			179000			1602	
79001			7		Actor/Quest/WQ79001			179001			1602	
79002			7		Actor/Quest/WQ79002			179002			1602	
79003			7		Actor/Quest/WQ79003			179003			1602	
79004			7	1	Actor/Quest/WQ79004			179004			1602	
79005			7	1	Actor/Quest/WQ79005			179005			1602	
79006			7	1	Actor/Quest/WQ79006						1602	
79007			7	1	Actor/Quest/WQ79007						1603	
79008			7	1	Actor/Quest/WQ79008			179008			1602	
79009			7		Actor/Quest/WQ79009						1602	
79010			7		Actor/Quest/WQ79010						1602	
79011			7		Actor/Quest/WQ79011						1602	
79012			7		Actor/Quest/WQ79012							
79013			7		Actor/Quest/WQ79013			179013			1602	
79014			7	1	Actor/Quest/WQ79014							
79015			7	1	Actor/Quest/WQ79015							
79016			7		Actor/Quest/WQ79016							
79017			7		Actor/Quest/WQ79017						1602	
79019			7		Actor/Quest/WQ79019							
79020		79020	7		Actor/Quest/WQ79020				10071		1602	
79021			7		Actor/Quest/WQ79021			179021			1602	
79022		79022	7		Actor/Quest/WQ79022			179022	10084		1602	
79023		79022	7		Actor/Quest/WQ79023			179023	10084		1602	
79024		79022	7		Actor/Quest/WQ79024			179024	10084		1602	
79025			7		Actor/Quest/WQ79025			179025			1602	
79026			7		Actor/Quest/WQ79026			179026,179039			1602	
79027			7		Actor/Quest/WQ79027			179027			1602	
79028		79020	7		Actor/Quest/WQ79028			179028	10071		1602	
79029		79020	7		Actor/Quest/WQ79029			179029	10071		1602	
79030		79020	7		Actor/Quest/WQ79030			179030	10071		1602	
79031		79020	7		Actor/Quest/WQ79031			179031	10071		1602	
79032			7		Actor/Quest/WQ79032							
79033			7		Actor/Quest/WQ79033						1602	
79034			7		Actor/Quest/WQ79034							
79035			7		Actor/Quest/WQ79035			179035			1602	
79036			7	1	Actor/Quest/WQ79036							
79037			7		Actor/Quest/WQ79037							
79038			7		Actor/Quest/WQ79038			179038			1602	
79040			7		Actor/Quest/WQ79040							
90001			5	1	Actor/Quest/IQ90001							