名字编号	名字库编号	是否用于随机	编辑器可用
10001	10001		1
10002	10001		1
10003	10001		1
10004	10001		1
10005	10001		1
10006	10001		1
10007	10001		1
10008	10001		1
10009	10001		1
10010	10001		1
10011	10001		1
10012	10001		1
10013	10001		1
10014	10001		1
10015	10001		1
10016	10001		1
10017	10001		1
10018	10001		1
10019	10001		1
10020	10001		1
10021	10001		1
10022	10001		1
10023	10001		1
10024	10001		1
10025	10001		1
10026	10001		1
10027	10001		1
10028	10001		1
10029	10001		1
10030	10001		1
10031	10001		1
10032	10001		1
10033	10001		1
10034	10001		1
10035	10001		1
10036	10001		1
10037	10001		1
10038	10001		1
10039	10001		1
10040	10001		1
10041	10001		1
10042	10001		1
10043	10001		1
10044	10001		1
10045	10001		1
10046	10001		1
10047	10001		1
10048	10001		1
10049	10001		1
10050	10001		1
10051	10001		1
10052	10001		1
10053	10001		1
10054	10001		1
10055	10001		1
10056	10001		1
10057	10001		1
10058	10001		1
10059	10001		1
10060	10001		1
10061	10001		1
10062	10001		1
10063	10001		1
10064	10001		1
10065	10001		1
10066	10001		1
10067	10001		1
10068	10001		1
10069	10001		1
10070	10001		1
10071	10001		1
10072	10001		1
10073	10001		1
10074	10001		1
10075	10001		1
10076	10001		1
10077	10001		1
10078	10001		1
10079	10001		1
10080	10001		1
10081	10001		1
10082	10001		1
10083	10001		1
10084	10001		1
10085	10001		1
10086	10001		1
10087	10001		1
10088	10001		1
10089	10001		1
10090	10001		1
10091	10001		1
10092	10001		1
10093	10001		1
10094	10001		1
10095	10001		1
10096	10001		1
10097	10001		1
10099	10001		1
10100	10001		1
10101	10001		1
10102	10001		1
10103	10001		1
10104	10001		1
10105	10001		1
10106	10001		1
10107	10001		1
10108	10001		1
10109	10001		1
10110	10001		1
10111	10001		1
10112	10001		1
10113	10001		1
10114	10001		1
10115	10001		1
10116	10001		1
10117	10001		1
10118	10001		1
10119	10001		1
10120	10001		1
10121	10001		1
10122	10001		1
10123	10001		1
10124	10001		1
10125	10001		1
10126	10001		1
10127	10001		1
10128	10001		1
10129	10001		1
10130	10001		1
10131	10001		1
10137	10001		1
10138	10001		1
10139	10001		1
10140	10001		1
1	101		1
2	101		1
3	111		1
4	111		1
5	121		1
6	131		1
7	141		1
8	151		1
9	152		1
10	142		1
11	153		1
12	1001		
13	1101		
14	1102		
15	1103		
16	1111		
17	1201		
18	2101		
19	2111	1	
20	2111	1	
21	2111	1	
22	2112	1	
23	2112	1	
24	2112	1	
25	2201	1	
26	2201	1	
27	2201	1	
28	2201	1	
29	2201	1	
30	2201	1	
31	2201	1	
32	2201	1	
33	2202	1	
34	2221		
35	2001		
36	2002		
37	2003		
38	2004		
39	2005		
40	2006		
41	3001		
42	3090		
43	3101	1	
44	3101	1	
45	3101	1	
46	3101	1	
47	3101	1	
48	3101	1	
49	3101	1	
50	3101	1	
51	3101	1	
52	3101	1	
53	3101	1	
54	3101	1	
55	3101	1	
56	3101	1	
57	3101	1	
58	3101	1	
59	3101	1	
60	3101	1	
61	3101	1	
62	3101	1	
63	3101	1	
64	3101	1	
65	3101	1	
66	3101	1	
67	3101	1	
68	3101	1	
69	3101	1	
70	3101	1	
71	3101	1	
72	3101	1	
73	3101	1	
74	3111	1	
75	3112	1	
76	3113	1	
77	3201	1	
78	3201	1	
79	3201	1	
80	3201	1	
81	3201	1	
82	3201	1	
83	3202	1	
84	3202	1	
85	3202	1	
86	3202	1	
87	3202	1	
88	3202	1	
89	3202	1	
90	3203	1	
91	3203	1	
92	3203	1	
93	3203	1	
94	3203	1	
95	3203	1	
96	3203	1	
97	3204	1	
98	3204	1	
99	3204	1	
100	3204	1	
101	3204	1	
102	3204	1	
103	3204	1	
104	3205	1	
105	3205	1	
106	3205	1	
107	3205	1	
108	3205	1	
109	3205	1	
110	3205	1	
111	3205	1	
112	3206	1	
113	3206	1	
114	3206	1	
115	3206	1	
116	3206	1	
117	3206	1	
118	4001	1	
119	4001	1	
120	4001	1	
121	4001	1	
122	4001	1	
123	4001	1	
124	4001	1	
125	4001	1	
126	4001	1	
127	4001	1	
128	4001	1	
129	4001	1	
130	4001	1	
131	4001	1	
132	4001	1	
133	4001	1	
134	4001	1	
135	4001	1	
136	4001	1	
137	4001	1	
138	4001	1	
139	4001	1	
140	4001	1	
141	4001	1	
142	4001	1	
143	4001	1	
144	4001	1	
145	4001	1	
146	4001	1	
147	4001	1	
148	4011	1	
149	4011	1	
150	4011	1	
151	4011	1	
152	4011	1	
153	4011	1	
154	4011	1	
155	4011	1	
156	4011	1	
157	4011	1	
158	4021	1	
159	4021	1	
160	4021	1	
161	4021	1	
162	4021	1	
163	4021	1	
164	4021	1	
165	4021	1	
166	4021	1	
167	4021	1	
168	4022		
170	4031	1	
171	4041	1	
172	4051	1	
173	4052	1	
174	4053	1	
175	4061	1	
176	4061	1	
177	4061	1	
178	4061	1	
179	4061	1	
180	4061	1	
181	4061	1	
182	4061	1	
183	4061	1	
184	4061	1	
185	5001	1	
186	5001	1	
187	5001	1	
188	5001	1	
189	5001	1	
190	5001	1	
191	5001	1	
192	5001	1	
193	5001	1	
194	5001	1	
195	5001	1	
196	5001	1	
197	5001	1	
198	5001	1	
199	5001	1	
200	5001	1	
201	5001	1	
202	5001	1	
203	5001	1	
204	5001	1	
205	5001	1	
206	5001	1	
207	5001	1	
208	5001	1	
209	5001	1	
210	5001	1	
211	5001	1	
212	5001	1	
213	5001	1	
214	5001	1	
215	5001	1	
216	5001	1	
217	5002	1	
218	5002	1	
219	5002	1	
220	5002	1	
221	5002	1	
222	5002	1	
223	5002	1	
224	5002	1	
225	5002	1	
226	5002	1	
227	5002	1	
228	5002	1	
229	5002	1	
230	5002	1	
231	5002	1	
232	5002	1	
233	5002	1	
234	5002	1	
235	5002	1	
236	5002	1	
237	5002	1	
238	5002	1	
239	5002	1	
240	5002	1	
241	5002	1	
242	5002	1	
243	5002	1	
244	5002	1	
245	5002	1	
246	5002	1	
247	5002	1	
248	5002	1	
249	5002	1	
250	5002	1	
251	5002	1	
252	5002	1	
253	5002	1	
254	5002	1	
255	5002	1	
256	5002	1	
257	6001	1	
258	6001	1	
259	6001	1	
260	6001	1	
261	6001	1	
262	6001	1	
263	6001	1	
264	6001	1	
265	6001	1	
266	6001	1	
267	6001	1	
268	6001	1	
269	6001	1	
270	6001	1	
271	6001	1	
272	6001	1	
273	6001	1	
274	6001	1	
275	6001	1	
276	6001	1	
277	6001	1	
278	6001	1	
279	6001	1	
280	6001	1	
281	6001	1	
282	6001	1	
283	6001	1	
284	6001	1	
285	6001	1	
286	6001	1	
287	6001	1	
288	6001	1	
289	6001	1	
290	6002	1	
291	6002	1	
292	6002	1	
293	6002	1	
294	6002	1	
295	6002	1	
296	6002	1	
297	6002	1	
298	6002	1	
299	6002	1	
300	6002	1	
301	6002	1	
302	6002	1	
303	6002	1	
304	6002	1	
305	6002	1	
306	6002	1	
307	6002	1	
308	6002	1	
309	6002	1	
310	6002	1	
311	6002	1	
312	6002	1	
313	6002	1	
314	6002	1	
315	6002	1	
316	6002	1	
317	6002	1	
318	6002	1	
319	6002	1	
320	6003	1	
321	6003	1	
322	6003	1	
323	6003	1	
324	6003	1	
325	6003	1	
326	6003	1	
327	6003	1	
328	6003	1	
329	6003	1	
330	6003	1	
331	6003	1	
332	6003	1	
333	6003	1	
334	6004	1	
335	6011	1	
336	6011	1	
337	6011	1	
338	6011	1	
339	6011	1	
340	6011	1	
341	6011	1	
342	6011	1	
343	6011	1	
344	6011	1	
345	6011	1	
346	6011	1	
347	6011	1	
348	6011	1	
349	6011	1	
350	6011	1	
351	6101	1	
352	7001	1	
353	7001	1	
354	7001	1	
355	7001	1	
356	7001	1	
357	7001	1	
358	7001	1	
359	7001	1	
360	7001	1	
361	7001	1	
362	7001	1	
363	7001	1	
364	7001	1	
365	7001	1	
366	7001	1	
367	7001	1	
368	7001	1	
369	7001	1	
370	7001	1	
371	7001	1	
372	7001	1	
373	7001	1	
374	7001	1	
375	7001	1	
376	7001	1	
377	7001	1	
378	7001	1	
379	7001	1	
380	7001	1	
381	7002	1	
382	7002	1	
383	7002	1	
384	7002	1	
385	7002	1	
386	7002	1	
387	7002	1	
388	7002	1	
389	7002	1	
390	7002	1	
391	7002	1	
392	7002	1	
393	7005		
394	7006		
395	7007		
396	7008		
397	7011	1	
398	7011	1	
399	7011	1	
400	7011	1	
401	7011	1	
402	7011	1	
403	7011	1	
404	7011	1	
405	7011	1	
406	7011	1	
407	7011	1	
408	7011	1	
409	7011	1	
410	7011	1	
411	7011	1	
412	7011	1	
413	7011	1	
414	7011	1	
415	7100		
416	7141	1	
417	7141	1	
418	7141	1	
419	7141	1	
420	7141	1	
421	7141	1	
422	7141	1	
423	7141	1	
424	7141	1	
425	7141	1	
426	7141	1	
427	7141	1	
428	7141	1	
429	7141	1	
430	7141	1	
431	7141	1	
432	7141	1	
433	7141	1	
434	7141	1	
435	7141	1	
436	7141	1	
437	7141	1	
438	7141	1	
439	7147	1	
440	7148	1	
441	7151	1	
442	7151	1	
443	7151	1	
444	7151	1	
445	7151	1	
446	7151	1	
447	7151	1	
448	7151	1	
449	7151	1	
450	7151	1	
451	7151	1	
452	7151	1	
453	7151	1	
454	7151	1	
455	7151	1	
456	7151	1	
457	7151	1	
458	7151	1	
459	7151	1	
460	7151	1	
461	7151	1	
462	7151	1	
463	7151	1	
464	7151	1	
465	7151	1	
466	7151	1	
467	7151	1	
468	7151	1	
469	7151	1	
470	7151	1	
471	7151	1	
472	7151	1	
473	7151	1	
474	7151	1	
475	7151	1	
476	7151	1	
477	7151	1	
478	7151	1	
479	7151	1	
480	7151	1	
481	7151	1	
482	7151	1	
483	7151	1	
484	7151	1	
485	7151	1	
486	7201		
487	8001		
488	8002		
489	8003		
490	8003		
491	8004		
492	8021		
