ID	[触发条件]类型	[触发条件]参数1	[触发条件]参数2	[触发条件]参数3	[触发条件]参数4	进度	已废弃	RewardID	是否直接发奖
1500101	421	1				1		490001	
1500102	421	1				5		490002	
1500103	421	1				10		490003	
1500104	421	1				20		490004	
1500105	423					10000		490009	
1500106	423					40000		490010	
1500107	423					80000		490011	
1500108	423					160000		490012	
1500109	422	305001001,133003549,133003550,133003554,133003555,133003556,133003557,133003568				5		490005	
1500110	422	305001001,133003549,133003550,133003554,133003555,133003556,133003557,133003568				10		490006	
1500111	422	305001001,133003549,133003550,133003554,133003555,133003556,133003557,133003568				30		490007	
1500112	422	305001001,133003549,133003550,133003554,133003555,133003556,133003557,133003568				100		490008	
1500113	429	720				1		490013	
1500501	421	1				1	1	490001	
1500502	421	1				5	1	490002	
1500503	421	1				10	1	490003	
1500504	421	1				20	1	490004	
1500505	423					10000	1	490009	
1500506	423					40000	1	490010	
1500507	423					80000	1	490011	
1500508	423					160000	1	490012	
1500509	422	305001001,133003549,133003550,133003554,133003555,133003556,133003557,133003568				5	1	490005	
1500510	422	305001001,133003549,133003550,133003554,133003555,133003556,133003557,133003568				10	1	490006	
1500511	422	305001001,133003549,133003550,133003554,133003555,133003556,133003557,133003568				30	1	490007	
1500512	422	305001001,133003549,133003550,133003554,133003555,133003556,133003557,133003568				100	1	490008	
1500513	429	720				1	1	490013	
1200101	116	302001005				7		3000001	
1200102	116	302001012				7		3000002	
1200103	116	302001013				7		3000003	
1200104	116	302001007				7		3000004	
1200105	116	302001014				7		3000005	
1200106	116	302001015				7		3000006	
1200107	116	302001008				10	1		
1200108	116	302001016				10	1		
1200109	116	302001017				10	1		
1200110	117	70950021				5		3000010	
1200111	117	70950021				10		3000011	
1200112	117	70950021				15		3000012	
1200113	117	70950021				20		3000013	
1200114	117	70950021				25		3000014	
1200115	117	70950021				30		3000015	
1200130	700	4111309				1			
1200131	117	70950021				14			
1200132	117	70330041				7			
1200201	700	4111309				1	1		
1200202	212	109				500	1		
1200203	212	110				500	1		
1200301	700	4111309				1	1		
1200302	212	109				500	1		
1200303	212	110				500	1		
1501001	316	133104761	120	3000		10000		3002011	
1501002	316	133104761	120	3000		20000		3002012	
1501003	316	133104761	120	3000		30000		3002013	
1502001	316	133103577	120	3000		10000		3002021	
1502002	316	133103577	120	3000		20000		3002022	
1502003	316	133103577	120	3000		30000		3002023	
1503001	316	133001435	120	3000		10000		3002031	
1503002	316	133001435	120	3000		20000		3002032	
1503003	316	133001435	120	3000		30000		3002033	
1504001	316	133104029	120	3000		10000		3002041	
1504002	316	133104029	120	3000		20000		3002042	
1504003	316	133104029	120	3000		30000		3002043	
1505001	316	133107134	120	3000		10000		3002051	
1505002	316	133107134	120	3000		20000		3002052	
1505003	316	133107134	120	3000		30000		3002053	
1506001	316	133101214	120	3000		10000		3002061	
1506002	316	133101214	120	3000		20000		3002062	
1506003	316	133101214	120	3000		30000		3002063	
1507001	316	133004365	120	3000		10000		3002071	
1507002	316	133004365	120	3000		20000		3002072	
1507003	316	133004365	120	3000		30000		3002073	
1300111	222	200101				60		3003101	
1300112	222	200101				120		3003102	
1300113	222	200102				30		3003103	
1300114	222	200102				60		3003104	
1300115	219	11413	20			1		3003105	
1300116	219	11413	40			1		3003106	
1300121	220	11413	1			1		3003201	
1300122	212	111				600		3003202	
1300123	212	111				1800		3003203	
1300124	319	6				8		3003204	
1300125	319	6				16		3003205	
1300126	321	6	remainingHeat	3		5		3003206	
1300131	220	11413	2			1		3003301	
1300132	212	112				600		3003302	
1300133	212	112				1800		3003303	
1300134	319	7				8		3003304	
1300135	319	7				16		3003305	
1300136	320	7	1	20		5		3003306	
1300141	220	11413	4			1		3003401	
1300142	212	113				600		3003402	
1300143	319	7				5	1	3003403	
1300144	421	3				10		3003403	
1300145	421	3				15		3003404	
1300146	320	7	1	20		3	1	3003406	
1300147	433	3	3010116			1		3003405	
1300148	432	3	300			1		3003406	
1200210	602					7	1	3008101	
1200212	604	1				1		3008101	
1200213	605	2	420			1		3008102	
1200216	605	3	490			1		3008103	
1200217	605	4	560			1		3008104	
1200250	623	2	0			1		3008105	
1200253	623	3	0			1		3008106	
1200254	623	4	0			1		3008107	
1200214	606					300	1	3008105	
1200215	607					3000	1	3008106	
1200211	603	4				4		3008108	
1200218	603	5				5		3008109	
1200219	603	6				6		3008110	
1200220	602					2	1	3008101	
1200222	604	2				2	1	3008101	
1200223	605	5	630			1		3008111	
1200226	605	6	700			1		3008112	
1200255	623	5	0			1		3008113	
1200256	623	6	0			1		3008114	
1200251	624	5	12			1		3008115	
1200257	624	6	12			1		3008116	
1200224	606					300		3008117	
1200227	606					600	1	3008113	
1200225	607					3000		3008118	
1200228	607					6000	1	3008115	
1200221	603	7				6		3008119	
1200229	603	8				6		3008120	
1200230	602					3	1	3008101	
1200232	604	3				3	1	3008101	
1200233	605	7	875			1		3008121	
1200258	623	7	0			1		3008122	
1200252	625	7	8			1		3008123	
1200259	624	7	12			1		3008124	
1200234	606					300	1	3008119	
1200236	606					600		3008125	
1200237	606					900		3008126	
1200235	607					3000	1	3008122	
1200238	607					6000		3008127	
1200239	607					9000		3008128	
1200231	603	9				3	1	3008125	
1200240	603	9				6		3008129	
1200241	603	10				6		3008130	
1501901	601	0,133001576,0	3	501		1			
1501902	601	0,133001576,0	3	506		1			
1501903	601	0,133001576,0	3	507		1			
1501904	601	0,133001577,0	3	501		1			
1501905	601	0,133001577,0	3	503		1			
1501906	601	0,133001577,0	3	505		1			
1501907	601	0,133001582,0	3	501		1			
1501908	601	0,133001582,0	3	503		1			
1501909	601	0,133001582,0	3	505		1			
1501910	601	0,133001578,0	3	501		1			
1501911	601	0,133001578,0	3	503		1			
1501912	601	0,133001578,0	3	505		1			
1501913	601	0,133001579,0	3	501		1			
1501914	601	0,133001579,0	3	502		1			
1501915	601	0,133001579,0	3	503		1			
1501916	601	0,133001581,0	3	501		1			
1501917	601	0,133001581,0	3	503		1			
1501918	601	0,133001581,0	3	505		1			
1501919	601	0,133001580,0	3	501		1			
1501920	601	0,133001580,0	3	502		1			
1501921	601	0,133001580,0	3	503		1			
1200311	939	1001	1000			1		3011101	
1200312	939	1001	1800			1		3011102	
1200313	939	1001	2600			1		3011103	
1200314	939	1003	1200			1		3011104	
1200315	939	1003	2200			1		3011105	
1200316	939	1003	3200			1		3011106	
1200317	939	1004	1600			1		3011107	
1200318	939	1004	2800			1		3011108	
1200319	939	1004	4000			1		3011109	
1200320	939	1005	1000			1		3011110	
1200321	939	1005	2000			1		3011111	
1200322	939	1005	3000			1		3011112	
1200323	940	2001	1000			1		3011001	
1200324	940	2001	2000			1		3011002	
1200325	940	2001	3000			1		3011003	
1200326	940	2002	1000			1		3011004	
1200327	940	2002	2000			1		3011005	
1200328	940	2002	3000			1		3011006	
1200329	940	2003	1000			1		3011007	
1200330	940	2003	2000			1		3011008	
1200331	940	2003	3000			1		3011009	
1200332	940	2004	1000			1		3011010	
1200333	940	2004	2000			1		3011011	
1200334	940	2004	3000			1		3011012	
1200335	941	1	1000			1		3011201	
1200336	941	2	1200			1		3011202	
1200337	941	3	1800			1		3011203	
1200338	941	4	800			1		3011204	
1200339	941	5	1200			1		3011205	
1200340	941	6	1800			1		3011206	
1200341	941	7	1000			1		3011207	
1200342	941	8	1400			1		3011208	
1200343	941	9	2200			1		3011209	
1200344	941	10	1000			1		3011210	
1200345	941	11	1400			1		3011211	
1200346	941	12	2400			1		3011212	
1200351	626	1	480			1		3011301	
1200352	627	50				1		3011302	
1200353	628	watcher_fall_down_brokenfloor:6003	0	1		1		3011303	
1200354	628	watcher_hit_by_bullet:6005	0	1		1		3011304	
1200355	628	watcher_catch_flora_count:6004	10	4		1		3011305	
1200356	626	2	180			1		3011306	
1200357	627	80				1		3011307	
1200363	628	watcher_hit_by_bubble:6006	0	1		1		3011308	
1200368	628	watcher_hit_by_bubble:6007	0	1		1		3011309	
1200360	628	watcher_hit_by_bombflower:6004	0	1		1		3011310	
1200361	626	1	420			1		3011311	
1200371	629	2				1		3011312	
1200358	628	watcher_fall_down_darkfloor:6001	0	1		1		3011313	
1200364	628	watcher_memory_get_time_6008:6008	40	3		1		3011314	
1200365	628	watcher_collect_energy_6002:6002	10	4		1		3011315	
1200366	626	2	120			1		3011316	
1200372	629	3				1		3011317	
1200359	628	watcher_transparten_get_time_6001:6001	30	3		1		3011318	
1200369	628	watcher_wrong_position_memoryfloor:6008	0	1		1		3011319	
1200370	628	watcher_hit_by_floor:6002	0	1		1		3011320	
1200362	627	150				1	1	3011312	
1200367	627	200				1	1	3011317	
1502010	700	4142106				1		3010001	1
1200401	700	7165201				1			
1502201	307	7100				1		3013011	
1502202	632	7100	1	5	4	1		3013012	
1502203	631	7100	999	360		1		3013015	
1502204	632	7100	2	5	3	1		3013014	
1502205	633	7100	3			8		3013013	
1502206	307	7102				1		3013021	
1502207	632	7102	4	5	4	1		3013022	
1502208	631	7102	999	360		1		3013025	
1502209	633	7102	5			50000		3013023	
1502210	633	7102	6			10		3013024	
1502211	307	7104				1		3013031	
1502212	632	7104	7	5	4	1		3013032	
1502213	631	7104	999	360		1		3013035	
1502214	633	7104	8			6		3013034	
1502215	633	7104	9			12		3013033	
1502216	307	7105				1		3013041	
1502217	632	7105	10	5	4	1		3013042	
1502218	631	7105	999	360		1		3013045	
1502219	632	7105	11	40	3	1		3013044	
1502220	1	LevelAbility_Combat_Activity_Watcher_1:Watcher_Achievement_1502220	Watcher_SuperTrial_RangeKillEnemy			8		3013043	
1502221	307	7101				1		3013051	
1502222	632	7101	12	5	4	1		3013052	
1502223	631	7101	999	360		1		3013055	
1502224	632	7101	13	30	3	1		3013054	
1502225	633	7101	14			10		3013053	
1502226	307	7103				1		3013061	
1502227	632	7103	15	5	4	1		3013062	
1502228	631	7103	999	360		1		3013065	
1502229	632	7103	17	5	4	1		3013064	
1502230	633	7103	16			4		3013063	
1502401	436	1				1		3012001	
1502402	436	2				1		3012002	
1502403	436	3				1		3012003	
1502404	436	4				1		3012004	
1502405	436	5				1		3012005	
1502406	436	6				1		3012006	
1502407	436	7				1		3012007	
1502301	224	10101014	1			1		3014101	
1502302	223	10101015				3		3014102	
1502303	224	10101037	1			1		3014103	
1502304	223	10101017				3		3014104	
1502305	224	10101018	1			1		3014105	
1503004	946	8001	500			1		301807	
1503005	946	8001	1000			1		301808	
1503006	946	8001	2000			1		301809	
1503007	946	8002	500			1		301816	
1503008	946	8002	1000			1		301817	
1503009	946	8002	2000			1		301818	
1503010	946	8003	500			1		301819	
1503011	946	8003	1000			1		301820	
1503012	946	8003	2000			1		301821	
1503013	946	8004	500			1		301801	
1503014	946	8004	1000			1		301802	
1503015	946	8004	2000			1		301803	
1503016	946	8005	500			1		301810	
1503017	946	8005	1000			1		301811	
1503018	946	8005	2000			1		301812	
1503019	946	8006	500			1		301804	
1503020	946	8006	1000			1		301805	
1503021	946	8006	2000			1		301806	
1503022	946	8007	500			1		301813	
1503023	946	8007	1000			1		301814	
1503024	946	8007	2000			1		301815	
1200501	328	144001108				10000		3016211	
1200502	328	144001108				20000		3016212	
1200503	328	144001108				30000		3016213	
1200504	328	144004063				10000		3016221	
1200505	328	144004063				20000		3016222	
1200506	328	144004063				30000		3016223	
1200507	328	144001127				10000		3016231	
1200508	328	144001127				20000		3016232	
1200509	328	144001127				30000		3016233	
1200510	328	144004065				10000		3016241	
1200511	328	144004065				20000		3016242	
1200512	328	144004065				30000		3016243	
1200513	328	144001130				10000		3016251	
1200514	328	144001130				20000		3016252	
1200515	328	144001130				30000		3016253	
1200516	328	144002049				10000		3016261	
1200517	328	144002049				20000		3016262	
1200518	328	144002049				30000		3016263	
1200519	212	124				200		3016101	
1200520	212	124				1000		3016102	
1200521	212	124				2000		3016103	
1200522	334		144001074,144001102,144001103,144001104,144001105,144004077,144002047,144001131,144001141,144004078			30		3016104	
1200523	334		144001074,144001102,144001103,144001104,144001105,144004077,144002047,144001131,144001141,144004078			60		3016105	
1200524	333	SceneObj_Area_Common_Property_Prop_HiliSeaLookoutShield_01	70290058	144001074,144001102,144001103,144001104,144001105,144004077,144002047,144001131,144001141,144004078		5		3016106	
1200525	118	25090101				1		3016301	
1200526	118	25090101				2		3016302	
1200527	118	25090101				3		3016303	
1200528	1	LevelAbility_Combat_Activity_Watcher_1:Watcher_Achievement_1200528				1		3016304	
1200529	1	LevelAbility_Combat_Activity_Watcher_1:Watcher_Achievement_1200529				1		3016305	
1200530	1	LevelAbility_Combat_Activity_Watcher_1:Watcher_Achievement_1200530				1		3016306	
1200531	310	17				3		3016401	
1200532	310	17				6		3016402	
1200533	310	17				9		3016403	
1200534	321	10	BombTypeA	2		2		3016404	
1200535	321	10	BombTypeB	3		2		3016405	
1200536	321	10	BombTypeB	3		4		3016406	
1503301	328	133104761				10000	1	3002011	
1503302	328	133104761				20000	1	3002012	
1503303	328	133104761				30000	1	3002013	
1503304	328	133103577				10000	1	3002021	
1503305	328	133103577				20000	1	3002022	
1503306	328	133103577				30000	1	3002023	
1503307	328	133001435				10000	1	3002031	
1503308	328	133001435				20000	1	3002032	
1503309	328	133001435				30000	1	3002033	
1503310	328	133104029				10000	1	3002041	
1503311	328	133104029				20000	1	3002042	
1503312	328	133104029				30000	1	3002043	
1503313	328	133107134				10000	1	3002051	
1503314	328	133107134				20000	1	3002052	
1503315	328	133107134				30000	1	3002053	
1503316	328	133101214				10000	1	3002061	
1503317	328	133101214				20000	1	3002062	
1503318	328	133101214				30000	1	3002063	
1503201	330	7006				2	1	3011301	
1503202	330	7006				2		301901	
1503203	331	7006	1600			1		301902	
1503204	331	7006	2100			1		301903	
1503205	223	10201002				15		301904	
1503206	223	10201003				80		301905	
1503207	224	10201006	3			1		301908	
1503208	700	7900706				1			
1503209	223	10201004				30		301906	
1503210	223	10201005				10		301907	
1503211	330	7013				2		301909	
1503212	331	7013	2100			1		301910	
1503213	331	7013	3000			1		301911	
1503214	223	10201002				35		301912	
1503215	223	10201011				120		301913	
1503216	223	10201012				50		301914	
1503217	223	10201014				20		301915	
1503218	224	10201013	1			1		301916	
1503219	330	7014				2		301917	
1503220	331	7014	1800			1		301918	
1503221	331	7014	2500			1		301919	
1503222	223	10201002				50		301920	
1503223	223	10201021				100		301921	
1503224	223	10201022				10		301922	
1503225	223	10201024				5		301923	
1503226	224	10201023	1			1		301924	
1503401	601	0,133209011,0	3	111		1		3009011	
1503402	601	0,133209011,0	3	122		1		3009012	
1503403	601	0,133209011,0	3	133		1		3009013	
1503404	601	0,133209011,0	3	144		1		3009014	
1503405	601	0,133209007,0	3	211		1		3009021	
1503406	601	0,133209007,0	3	222		1		3009022	
1503407	601	0,133209007,0	3	233		1		3009023	
1503408	601	0,133209007,0	3	244		1		3009024	
1503409	601	0,133209010,0	3	311		1		3009031	
1503410	601	0,133209010,0	3	322		1		3009032	
1503411	601	0,133209010,0	3	333		1		3009033	
1503412	601	0,133209010,0	3	344		1		3009034	
1503413	601	0,133209008,0	3	411		1		3009041	
1503414	601	0,133209008,0	3	422		1		3009042	
1503415	601	0,133209008,0	3	433		1		3009043	
1503416	601	0,133209008,0	3	444		1		3009044	
1503417	601	0,133209013,0	3	511		1		3009051	
1503418	601	0,133209013,0	3	522		1		3009052	
1503419	601	0,133209013,0	3	533		1		3009053	
1503420	601	0,133209013,0	3	544		1		3009054	
1503421	601	0,133209009,0	3	611		1		3009061	
1503422	601	0,133209009,0	3	622		1		3009062	
1503423	601	0,133209009,0	3	633		1		3009063	
1503424	601	0,133209009,0	3	644		1		3009064	
1503425	601	0,133209012,0	3	711		1		3009071	
1503426	601	0,133209012,0	3	722		1		3009072	
1503427	601	0,133209012,0	3	733		1		3009073	
1503428	601	0,133209012,0	3	744		1		3009074	
1200601	438	133220053	111167	101	120	1	1	990002	
1200602	438	133220053	111167	101	100	1	1	990002	
1200603	438	133220053	111167	101	80	1	1	990002	
1200604	438	133220172	111167	101	120	1	1	990002	
1200605	438	133220172	111167	101	100	1	1	990002	
1200606	438	133220172	111167	101	80	1	1	990002	
1200607	438	133212183	111167	101	120	1	1	990002	
1200608	438	133212183	111167	101	100	1	1	990002	
1200609	438	133212183	111167	101	80	1	1	990002	
1200611	439	133220053	111167	101	0	1		3020101	
1200612	439	133220053	111167	101	60	1		3020102	
1200613	439	133220053	111167	101	110	1		3020103	
1200614	439	133212361	111167	101	0	1		3020104	
1200615	439	133212361	111167	101	40	1		3020105	
1200616	439	133212361	111167	101	80	1		3020106	
1200617	439	133212183	111167	101	0	1		3020107	
1200618	439	133212183	111167	101	50	1		3020108	
1200619	439	133212183	111167	101	75	1		3020109	
1200620	439	133220172	111167	101	0	1		3020110	
1200621	439	133220172	111167	101	40	1		3020111	
1200622	439	133220172	111167	101	80	1		3020112	
1200623	439	133212185	111167	101	0	1		3020113	
1200624	439	133212185	111167	101	60	1		3020114	
1200625	439	133212185	111167	101	120	1		3020115	
1200626	439	133212033	111167	101	0	1		3020116	
1200627	439	133212033	111167	101	50	1		3020117	
1200628	439	133212033	111167	101	90	1		3020118	
1200631	319	11				1		3020201	
1200632	319	11				5		3020202	
1200633	319	11				10		3020203	
1200637	223	10402001				4		3020204	
1200638	223	10402001				8		3020205	
1200641	223	10402002				6		3020206	
1200642	223	10402002				12		3020207	
1200651	319	12				1		3020301	
1200652	319	12				5		3020302	
1200653	319	12				10		3020303	
1200667	223	10402003				15		3020304	
1200668	223	10402003				30		3020305	
1200671	223	10402004				20		3020306	
1200672	223	10402004				40		3020307	
1200701	949	1				25		3024001	
1200702	949	1				50		3024002	
1200703	949	1				75		3024003	
1200704	949	1				100		3024004	
1200705	949	2				25		3024005	
1200706	949	2				50		3024006	
1200707	949	2				75		3024007	
1200708	949	2				100		3024008	
1200709	949	3				25		3024009	
1200710	949	3				50		3024010	
1200711	949	3				75		3024011	
1200712	949	3				100		3024012	
1200713	949	1				100			
1200714	949	2				100			
1200715	949	3				100			
1504004	645					12000		3023001	
1504005	644	1	500			1		3023011	
1504006	644	1	1000			1		3023012	
1504007	644	1	2000			1		3023013	
1504008	644	2	500			1		3023021	
1504009	644	2	1000			1		3023022	
1504010	644	2	2000			1		3023023	
1504011	644	3	500			1		3023031	
1504012	644	3	1000			1		3023032	
1504013	644	3	2000			1		3023033	
1504014	644	4	500			1		3023041	
1504015	644	4	1000			1		3023042	
1504016	644	4	2000			1		3023043	
1504017	644	5	500			1		3023051	
1504018	644	5	1000			1		3023052	
1504019	644	5	2000			1		3023053	
1504020	644	6	500			1		3023061	
1504021	644	6	1000			1		3023062	
1504022	644	6	2000			1		3023063	
1503701	636	3				1		3021001	
1503702	636	6				1		3021002	
1503703	636	10				1		3021003	
1503704	642					500		3021004	
1503705	642					2000		3021005	
1503706	643					20000		3021006	
1503707	643					50000		3021007	
1503708	639	5	12			1		3021008	
1503709	638	7	15			1		3021009	
1503710	638	9	15			1		3021010	
1503711	637	2	400			1		3021011	
1503712	637	4	400			1		3021012	
1503713	637	6	400			1		3021013	
1503714	637	8	400			1		3021014	
1503715	637	10	400			1		3021015	
1504101	950	11001	2	1		1		3022001	
1504102	950	11001	4	1		1		3022002	
1504103	950	11001	6	1		1		3022003	
1504104	950	11002	2	1		1		3022004	
1504105	950	11002	3	1		1		3022005	
1504106	950	11002	5	1		1		3022006	
1504107	950	11003	2	1		1		3022007	
1504108	950	11003	4	1		1		3022008	
1504109	950	11003	6	1		1		3022009	
1504110	950	11004	2	1		1		3022010	
1504111	950	11004	3	1		1		3022011	
1504112	950	11004	5	1		1		3022012	
1504113	950	11005	1	1		1		3022013	
1504114	950	11005	2	2		1		3022014	
1504115	950	11005	3	3		1		3022015	
15050001	941	1	1400			1		3028001	
15050002	941	2	1600			1		3028002	
15050003	941	3	2800			1		3028003	
15050004	941	4	800			1		3028004	
15050005	941	5	1800			1		3028005	
15050006	941	6	3600			1		3028006	
15050007	941	7	600			1		3028007	
15050008	941	8	1200			1		3028008	
15050009	941	9	2000			1		3028009	
15050010	941	10	1200			1		3028010	
15050011	941	11	1600			1		3028011	
15050012	941	12	2400			1		3028012	
15050013	941	13	1200			1		3028013	
15050014	941	14	3200			1		3028014	
15050015	941	15	3800			1		3028015	
15050016	941	16	1200			1		3028016	
15050017	941	17	2400			1		3028017	
15050018	941	18	3200			1		3028018	
15050019	941	19	600			1		3028019	
15050020	941	20	1600			1		3028020	
15050021	941	21	2600			1		3028021	
15049001	223	10601021				1		3026001	
15049002	223	10601022				1		3026002	
15049003	223	10601023				1		3026003	
15049004	223	10601024				1		3026004	
15049005	223	10601011				1		3026005	
15049006	223	10601013				1		3026006	
15049007	223	10601012				1		3026007	
15049008	223	10601014				1		3026008	
15049009	223	10601001				1		3026009	
15049010	223	10601006				8		3026014	
15049011	223	10601002				1		3026010	
15049012	223	10601003				1		3026011	
15049013	223	10601004				1		3026012	
15049014	223	10601005				1		3026013	
15049015	223	10601015				1		3026015	
15049016	223	10601016				1		3026016	
15047001	1022	7022,7023,7024,7025,7026,7027,7028,7029,7030				1	1	990002	
15047011	1107					1	1	990002	
15047002	1022	7022,7023,7024,7025,7026,7027,7028,7029,7030				6		3027002	
15047003	1022	7022,7023,7024,7025,7026,7027,7028,7029,7030				18		3027003	
15047004	1022	7022,7023,7024,7025,7026,7027,7028,7029,7030				30		3027004	
15047012	230	130022;130023;130024				1		3027001	
15047013	230	373801;373802;373803;373804;373805;373806;373807;373808;373809				12		3027005	
15047014	230	373801;373802;373803;373804;373805;373806;373807;373808;373809				24		3027006	
15047015	230	373801;373802;373803;373804;373805;373806;373807;373808;373809				36		3027007	
15047016	1108					1	1	3027005	
15047017	1108					2	1	3027006	
15047018	1108					3	1	3027007	
15047021	1105					1		3027008	
15047031	1106					1		3027009	
2008001	647	0	1			200		3025201	
2008002	646	0	1	10		50		3025202	
2008003	646	0	1	8		20		3025203	
2008004	646	0	1	11		10		3025204	
2008005	656	1				10		3025205	
2008006	656	2				40		3025206	
2008007	654	1				10		3025207	
2008008	654	6				5		3025208	
2008009	654	8				2	1	3025209	
2008010	649	1				1		3025209	
2008011	649	2				1		3025210	
2008012	653	1				1		3025211	
2008013	653	2				1		3025212	
2008014	651	3	3			1	1	3025213	
2008019	654	5				2		3025213	
2008015	652	6	3			1		3025214	
2008016	652	6	4			1		3025215	
2008017	222	134				4000	1		
2008018	212	134				4000			
1505401	307	7106				1		3030003	
1505402	633	7106	18			20		3030004	
1505403	307	7107				1		3030001	
1505404	633	7107	19			20		3030002	
1505405	307	7108				1		3030009	
1505406	633	7108	20			20		3030010	
1505407	307	7109				1		3030011	
1505408	633	7109	21			30		3030012	
1505409	307	7110				1		3030007	
1505410	633	7110	22			10		3030008	
1505411	307	7111				1		3030005	
1505412	633	7111	23			25		3030006	
1505413	307	7112				1		3030013	
1505414	633	7112	24			20		3030014	
1505101	223	10801001				3		3032001	
1505102	223	10801002				3		3032003	
1505103	223	10801003				3		3032005	
1505104	223	10801004				2		3032002	
1505105	223	10801005				2		3032004	
1505106	223	10801006				2		3032006	
1505107	307	7310				1		3032007	
1505108	1	LevelAbility_Combat_Activity_Watcher_1:Watcher_Achievement_1505108				1		3032008	
1505109	1	LevelAbility_Combat_Activity_Watcher_1:Watcher_Achievement_1505109				1		3032009	
12009101	951	13002				10000		3029301	
12009102	951	13002				20000		3029302	
12009103	951	13002				30000		3029303	
12009104	951	13001				10000		3029304	
12009105	951	13001				20000		3029305	
12009106	951	13001				30000		3029306	
12009107	951	13004				10000		3029307	
12009108	951	13004				20000		3029308	
12009109	951	13004				30000		3029309	
12009110	951	13003				10000		3029310	
12009111	951	13003				20000		3029311	
12009112	951	13003				30000		3029312	
12009201	1	LevelAbility_Combat_Activity_Watcher_1:Watcher_Achievement_12009201				1		3029401	
12009202	1	LevelAbility_Combat_Activity_Watcher_1:Watcher_Achievement_12009202				1		3029402	
12009203	1	LevelAbility_Combat_Activity_Watcher_1:Watcher_Achievement_12009203				1	1	3029403	
12009204	1	LevelAbility_Combat_Activity_Watcher_1:Watcher_Achievement_12009204				1	1	3029404	
12009205	223	10901007				4		3029405	
12009206	1	LevelAbility_Combat_Activity_Watcher_1:Watcher_Achievement_12009206				1		3029406	
12009207	224	10901009	1			1		3029411	
12009208	224	10901011	1			1		3029412	
12009301	952	6				1		3029407	
12009302	952	6				2		3029408	
12009303	952	6				3		3029409	
12009304	952	6				4		3029410	
15053001	700	7267001				1			
15055001	700	7226409				1		3034001	
15055002	700	7267508				1		3034002	
15055003	700	7267612				1		3034003	
15055004	700	7226107				1		3034004	
15055005	700	7226210				1		3034005	
15055006	700	7267707				1		3034006	
15055007	700	7267811				1		3034007	
12010001	212	137				2400			
12010002	212	138				2200			
12010003	212	139				1800			
12010201	1113	1001	1500			1		3035101	
12010202	1113	1001	2100			1		3035102	
12010203	1113	1001	2700			1		3035103	
12010204	1113	1002	1500			1		3035104	
12010205	1113	1002	2100			1		3035105	
12010206	1113	1002	2700			1		3035106	
12010207	1113	1003	2000			1		3035107	
12010208	1113	1003	2800			1		3035108	
12010209	1113	1003	3600			1		3035109	
12010210	1113	1004	2000			1		3035110	
12010211	1113	1004	2800			1		3035111	
12010212	1113	1004	3600			1		3035112	
12010213	1113	1005	2500			1		3035113	
12010214	1113	1005	3500			1		3035114	
12010215	1113	1005	4500			1		3035115	
12010216	1113	1006	2500			1		3035116	
12010217	1113	1006	3500			1		3035117	
12010218	1113	1006	4500			1		3035118	
12010401	1112	14003	1000			1		3035201	
12010402	1112	14003	2000			1		3035202	
12010403	1112	14003	3000			1		3035203	
12010404	1112	14004	1000			1		3035204	
12010405	1112	14004	2000			1		3035205	
12010406	1112	14004	3000			1		3035206	
12010407	1112	14005	0			1		3035207	
12010408	1112	14005	40			1		3035208	
12010409	1112	14005	80			1		3035209	
12010410	1112	14006	0			1		3035210	
12010411	1112	14006	45			1		3035211	
12010412	1112	14006	90			1		3035212	
12010413	223	11001001				1		3035213	
12010414	223	11001002	60			1		3035214	
12010415	223	11001003	90			1		3035215	
12010416	223	11001004				5	1		
12010417	223	11001005				5	1		
12010418	223	11001006				5	1		
12010601	1111	1				1		3035301	
12010602	1111	2				1		3035302	
12010603	1111	3				1		3035303	
12010604	1111	4				1		3035304	
12010605	1111	5				1		3035305	
12010606	1111	6				1		3035306	
12010607	1111	7				1		3035307	
12010608	1111	8				1		3035308	
12010609	1111	9				1		3035309	
12010801	223	11001104				1		3035401	
12010802	223	11001104				3		3035402	
12010803	223	11001104				6		3035403	
12010811	223	11001105	4			1		3035404	
12010812	223	11001105	4			2	1	3035405	
12010813	223	11001105	4			3	1	3035406	
12010821	223	11001106				1		3035407	
12010822	223	11001106				2	1	3035408	
12010823	223	11001106				3	1	3035409	
12010831	223	11001107	10			1	1	3035410	
12010832	223	11001110	20			1	1	3035411	
12010833	223	11001111	30			1	1	3035412	
15058001	1115	1				4		3033001	
15058002	1116	1	2			2		3033002	
15058003	1116	1	2			4		3033003	
15058004	1116	1	1			2		3033004	
15058005	1116	1	1			4		3033005	
15058006	1117	1				14000		3033006	
15058007	1117	1				18000		3033007	
15058008	1115	2				4		3033008	
15058009	1116	2	2			2		3033009	
15058010	1116	2	2			4		3033010	
15058011	1116	2	1			2		3033011	
15058012	1116	2	1			4		3033012	
15058013	1117	2				14000		3033013	
15058014	1117	2				18000		3033014	
15058015	1115	3				4		3033015	
15058016	1116	3	2			2		3033016	
15058017	1116	3	2			4		3033017	
15058018	1116	3	1			2		3033018	
15058019	1116	3	1			4		3033019	
15058020	1117	3				14000		3033020	
15058021	1117	3				18000		3033021	
15062001	1120	1,2,3,4,5,6,7				7		3036002	
15062002	1122					21		3036001	
15062011	1121	1	300			1		3036011	
15062012	1121	1	400			1		3036012	
15062013	1121	1	500			1		3036013	
15062021	1121	2	300			1		3036021	
15062022	1121	2	400			1		3036022	
15062023	1121	2	500			1		3036023	
15062031	1121	3	300			1		3036031	
15062032	1121	3	400			1		3036032	
15062033	1121	3	500			1		3036033	
15062041	1121	4	300			1		3036041	
15062042	1121	4	400			1		3036042	
15062043	1121	4	500			1		3036043	
1504030	645					12000		3023001	
1504031	644	1	500			1		3023011	
1504032	644	1	1000			1		3023012	
1504033	644	1	2000			1		3023013	
1504034	644	2	500			1		3023021	
1504035	644	2	1000			1		3023022	
1504036	644	2	2000			1		3023023	
1504037	644	3	500			1		3023031	
1504038	644	3	1000			1		3023032	
1504039	644	3	2000			1		3023033	
1504040	644	4	500			1		3023041	
1504041	644	4	1000			1		3023042	
1504042	644	4	2000			1		3023043	
1504043	644	5	500			1		3023051	
1504044	644	5	1000			1		3023052	
1504045	644	5	2000			1		3023053	
1504046	644	6	500			1		3023061	
1504047	644	6	1000			1		3023062	
1504048	644	6	2000			1		3023063	
12011001	223	11101105				1		3037219	
12011002	223	11101106				1		3037220	
12011003	223	11101107				1		3037221	
12011101	223	11101101				1		3037201	
12011102	120	70211152,70211153,70211154,70211155,70211156,70211157,70211158,70211159,70211160,70211161,70211162,70211163,70211022	101	210		30		3037202	
12011103	934	4	4			1		3037203	
12011104	212	101700				10		3037204	
12011105	212	101701				10		3037205	
12011106	212	101702				3		3037206	
12011201	223	11101101				2		3037207	
12011202	120	70211152,70211153,70211154,70211155,70211156,70211157,70211158,70211159,70211160,70211161,70211162,70211163,70211022	101	210		60		3037208	
12011203	934	4	8			1		3037209	
12011204	1123					3		3037210	
12011205	223	11101102				5		3037211	
12011206	1124					4		3037212	
12011301	223	11101101				3		3037213	
12011302	120	70211152,70211153,70211154,70211155,70211156,70211157,70211158,70211159,70211160,70211161,70211162,70211163,70211022	101	210		90		3037214	
12011303	934	4	12			1		3037215	
12011304	106	101	1	210		9		3037216	
12011305	1125	28050105				8		3037217	
12011306	223	11101103				6		3037218	
15068001	1135	1				1		3040011	
15068002	1135	2				1		3040012	
15068003	1135	3				1		3040021	
15068004	1135	4				1		3040022	
15068005	1135	5				1		3040031	
15068006	1135	6				1		3040032	
15068007	1135	7				1		3040041	
15068008	1135	8				1		3040042	
15068009	1135	9				1		3040051	
15068010	1135	10				1		3040052	
15068011	1135	11				1		3040061	
15068012	1135	12				1		3040062	
15068013	1135	13				1		3040071	
15068014	1135	14				1		3040072	
15065001	956	2122				1		3038101	
15065002	957	2122	15			1		3038102	
15065003	957	2122	30			1		3038103	
15065004	956	2120				1		3038201	
15065005	957	2120	40			1		3038202	
15065006	957	2120	80			1		3038203	
15065007	956	2121				1		3038301	
15065008	957	2121	40			1		3038302	
15065009	957	2121	80			1		3038303	
15065010	956	2119				1		3038401	
15065011	957	2119	40			1		3038402	
15065012	957	2119	80			1		3038403	
15065013	956	2123				1		3038501	
15065014	957	2123	25			1		3038502	
15065015	957	2123	50			1		3038503	
15065016	955					1		3038001	
15065017	953					1		3038002	
15065018	954					1		3038003	
15067001	1138	1	500			1		3039101	
15067002	1138	1	1000			1		3039102	
15067003	1138	1	2000			1		3039103	
15067004	1138	2	500			1		3039201	
15067005	1138	2	1000			1		3039202	
15067006	1138	2	2000			1		3039203	
15067007	1138	3	500			1		3039301	
15067008	1138	3	1000			1		3039302	
15067009	1138	3	2000			1		3039303	
15067010	1138	4	500			1		3039401	
15067011	1138	4	1000			1		3039402	
15067012	1138	4	2000			1		3039403	
15067013	1138	5	500			1		3039501	
15067014	1138	5	1000			1		3039502	
15067015	1138	5	2000			1		3039503	
15067016	1138	6	500			1		3039601	
15067017	1138	6	1000			1		3039602	
15067018	1138	6	2000			1		3039603	
15066001	1126	1				3		3041001	
15066002	1126	2				3		3041002	
15066003	1126	3				3		3041003	
15066004	1126	4				3		3041004	
15066005	1126	5				3		3041005	
15066006	1126	6				3		3041006	
15066007	1126	7				3		3041007	
15066008	1127					7		3041015	
15066009	1127					14		3041016	
15066010	1127					21		3041017	
15066011	1128	1				3		3041008	
15066012	1128	2				3		3041009	
15066013	1128	3				3		3041010	
15066014	1128	4				3		3041011	
15066015	1128	5				3		3041012	
15066016	1128	6				3		3041013	
15066017	1128	7				3		3041014	
15072001	941	1	1635			1		3043001	
15072002	941	2	2022			1		3043002	
15072003	941	3	2976			1		3043003	
15072004	941	4	1650			1		3043004	
15072005	941	5	2181			1		3043005	
15072006	941	6	2811			1		3043006	
15072007	941	7	1602			1		3043007	
15072008	941	8	2244			1		3043008	
15072009	941	9	2892			1		3043009	
15072010	941	10	1266			1		3043010	
15072011	941	11	1665			1		3043011	
15072012	941	12	2133			1		3043012	
15072013	941	13	1290			1		3043013	
15072014	941	14	1890			1		3043014	
15072015	941	15	2784			1		3043015	
15072016	941	16	1335			1		3043016	
15072017	941	17	1962			1		3043017	
15072018	941	18	2703			1		3043018	
15072019	941	19	1431			1		3043019	
15072020	941	20	2100			1		3043020	
15072021	941	21	2949			1		3043021	
12012101	1134	1				1		3042101	
12012102	1134	2				1		3042102	
12012103	1134	3				1		3042103	
12012301	1131	1				1		3042201	
12012302	1131	2				1		3042202	
12012303	1131	3				1		3042203	
12012304	1131	4				1		3042204	
12012201	1132	1	1	1		1		3042301	
12012202	1132	1	2	1		1		3042302	
12012203	1132	1	2	1	75	1		3042303	
12012204	1132	1	3	0		1		3042304	
12012205	1132	2	1	1		1		3042305	
12012206	1132	2	2	1		1		3042306	
12012207	1132	2	2	1	75	1		3042307	
12012208	1132	2	3	0		1		3042308	
12012209	1132	3	1	1		1		3042309	
12012210	1132	3	2	1		1		3042310	
12012211	1132	3	2	1	75	1		3042311	
12012212	1132	3	3	0		1		3042312	
12012213	1132	4	1	1		1		3042313	
12012214	1132	4	2	1		1		3042314	
12012215	1132	4	2	1	75	1		3042315	
12012216	1132	4	3	0		1		3042316	
12012218	1133	1	0	1500		1		3042401	
12012219	1133	1	0	2500		1		3042402	
12012220	1133	1	1	1500		1		3042403	
12012221	1133	1	1	2500		1		3042404	
12012222	1133	2	0	1500		1		3042405	
12012223	1133	2	0	2500		1		3042406	
12012224	1133	2	1	1500		1		3042407	
12012225	1133	2	1	2500		1		3042408	
12012226	1133	3	0	1500		1		3042409	
12012227	1133	3	0	2500		1		3042410	
12012228	1133	3	1	1500		1		3042411	
12012229	1133	3	1	2500		1		3042412	
12012230	1133	4	0	1500		1		3042413	
12012231	1133	4	0	2500		1		3042414	
12012232	1133	4	1	1500		1		3042415	
12012233	1133	4	1	2500		1		3042416	
12012234	1132	4	1	1		1		10000	
12012235	1133	4	0	1500		1		10000	
1507631	644	1	500			1		3023011	
1507632	644	1	1000			1		3023012	
1507633	644	1	2000			1		3023013	
1507634	644	2	500			1		3023021	
1507635	644	2	1000			1		3023022	
1507636	644	2	2000			1		3023023	
1507637	644	3	500			1		3023031	
1507638	644	3	1000			1		3023032	
1507639	644	3	2000			1		3023033	
1507640	644	4	500			1		3023041	
1507641	644	4	1000			1		3023042	
1507642	644	4	2000			1		3023043	
1507643	644	5	500			1		3023051	
1507644	644	5	1000			1		3023052	
1507645	644	5	2000			1		3023053	
1507646	644	6	500			1		3023061	
1507647	644	6	1000			1		3023062	
1507648	644	6	2000			1		3023063	
1508001	700	7269406				1		3044005	
1508002	700	7269505				1		3044006	
1508003	700	7269607				1		3044007	
1508011	1142					2		3044008	
1508012	1142					3		3044009	
1508024	1143					3		3044010	
1508032	1145					2		10000	
1508034	1145					3		3044011	
1508041	1144					1		3044012	
1507901	700	7150601				1		3046001	
1507902	700	7150701				1		3046002	
1507903	700	7150801				1		3046003	
1507904	700	7150901				1		3046004	
1507905	1140	2000				1		3046005	
1507906	1140	3000				1		3046006	
1507907	1140	4000				1		3046007	
1201301	307	1131				1		3045101	
1201302	700	102910				1		3045102	
1201303	307	1133				1		3045103	
1201304	1152	1	1	2		1		3045201	
1201305	1151	1	1			1		3045202	
1201306	1152	1	2	2		1		3045203	
1201307	1151	1	2			1		3045204	
1201308	1151	1	3	540		1		3045206	
1201309	1152	2	1	2		1		3045301	
1201310	1151	2	1			1		3045302	
1201311	1152	2	2	2		1		3045303	
1201312	1151	2	2			1		3045304	
1201313	1151	2	3	540		1		3045306	
1201314	1152	3	1	2		1		3045401	
1201315	1151	3	1			1		3045402	
1201316	1152	3	2	2		1		3045403	
1201317	1151	3	2			1		3045404	
1201318	1151	3	3	540		1		3045406	
1201319	1152	4	1	1		1		3045501	
1201320	1152	4	1	2		1		3045502	
1201321	1151	4	1			1		3045503	
1201322	1152	4	2	1		1		3045504	
1201323	1152	4	2	2		1		3045505	
1201324	1151	4	2			1		3045506	
1201325	1152	4	3	1		1		3045507	
1201326	1152	4	3	2		1		3045508	
1201327	1151	4	3			1		3045509	
1201328	1151	4	3	1800		1		3045510	
1201329	1151	1	3			1		3045205	
1201330	1151	2	3			1		3045305	
1201331	1151	3	3			1		3045405	
1201332	1151	1	3	720		1		3045206	
1201333	1151	2	3	720		1		3045306	
1201334	1151	3	3	720		1		3045406	
12014001	223	11401101				1		3047205	
12014002	223	11401101				3		3047206	
12014003	224	11401102	10			1		3047207	
12014004	223	11401103				8		3047208	
12014101	223	11404101				1		3047209	
12014102	223	11404101				3		3047210	
12014103	223	11404102				6		3047211	
12014104	223	11404103				12		3047212	
12014201	223	11403101				1		3047213	
12014202	223	11403101				3		3047214	
12014203	223	11403102				6		3047215	
12014204	223	11403103				8		3047216	
12014301	223	11402101				1		3047217	
12014302	223	11402101				3		3047218	
12014303	223	11402102				5		3047219	
12014304	223	11402103				3		3047220	
12014401	439	199003065	2018	2018	9860	1		3047101	
12014402	224	11405101	1			1		3047102	
12014403	224	11405102	3			1		3047103	
12014404	439	199004061	2018	2018	9740	1		3047104	
12014405	439	199004061	2018	2018	9860	1		3047105	
12014406	224	11405103	2			1		3047106	
12014407	439	199003025	2018	2018	9740	1		3047107	
12014408	439	199003025	2018	2018	9860	1		3047108	
12014409	224	11405104	4			1		3047109	
12014410	439	199001094	2018	2018	9740	1		3047110	
12014411	439	199001094	2018	2018	9860	1		3047111	
12014412	224	11405105	4			1		3047112	
12014413	439	199001098	2018	2018	9740	1		3047113	
12014414	439	199001098	2018	2018	9860	1		3047114	
12014415	224	11405106	4			1		3047115	
12014416	439	199002079	2018	2018	9860	1		3047116	
12014417	439	199002079	2018	2018	9900	1		3047117	
12014418	224	11405107	6			1		3047118	
12014501	212	141				2400			
15082001	1161	1				1		3051003	
15082002	1161	2				1		3051004	
15082003	1161	3				1		3051005	
15082004	1161	4				1		3051006	
15082005	1161	5				1		3051007	
15082006	1161	6				1		3051008	
15082007	1162					1	1	990001	
1508501	601	0,133001087,0	3	101		1		3048001	
1508502	601	0,133001111,0	3	101		1		3048002	
1508503	601	0,133001115,0	3	101		1		3048003	
1508504	601	0,133001116,0	3	101		1		3048004	
1508505	601	0,133001127,0	3	101		1		3048005	
1508506	601	0,133001130,0	3	101		1		3048006	
1508507	601	0,133001131,0	3	101		1		3048007	
1508508	601	0,133001132,0	3	101		1		3048008	
1508509	601	0,133001121,0	3	101		1		3048009	
1508510	601	0,133001122,0	3	101		1		3048010	
1508511	601	0,133001123,0	3	101		1		3048011	
1508512	601	0,133001124,0	3	101		1		3048012	
1508513	601	0,133001133,0	3	101		1		3048013	
1508514	601	0,133001134,0	3	101		1		3048014	
1508515	601	0,133001135,0	3	101		1		3048015	
1508516	601	0,133001136,0	3	101		1		3048016	
1508517	601	0,133001137,0	3	101		1		3048017	
1508518	601	0,133001138,0	3	101		1		3048018	
1508519	601	0,133001139,0	3	101		1		3048019	
1508520	601	0,133001140,0	3	101		1		3048020	
1508521	601	0,133001141,0	3	101		1		3048021	
1508522	601	0,133001148,0	3	101		1		3048022	
1508523	601	0,133001149,0	3	101		1		3048023	
1508524	601	0,133001150,0	3	101		1		3048024	
1508525	601	0,133001151,0	3	101		1		3048025	
1508526	601	0,133001163,0	3	101		1		3048026	
1508527	601	0,133001164,0	3	101		1		3048027	
1508528	601	0,133001167,0	3	101		1		3048028	
15083001	1165	1	200			1		3050001	
15083002	1165	1	350			1		3050002	
15083003	1165	1	500			1		3050003	
15083004	1165	2	200			1		3050004	
15083005	1165	2	350			1		3050005	
15083006	1165	2	500			1		3050006	
15083007	1165	3	200			1		3050007	
15083008	1165	3	350			1		3050008	
15083009	1165	3	500			1		3050009	
15083010	1165	4	200			1		3050010	
15083011	1165	4	350			1		3050011	
15083012	1165	4	500			1		3050012	
15083013	1165	5	200			1		3050013	
15083014	1165	5	350			1		3050014	
15083015	1165	5	500			1		3050015	
15083016	1165	6	200			1		3050016	
15083017	1165	6	350			1		3050017	
15083018	1165	6	500			1		3050018	
